0.000000000000000e+00 7.647032941295410e+04 1.246745101124266e+16 1.206175988782419e+07 -0.000000000000000e+00
7.249837127735635e-04 7.646746184729144e+04 1.246682766206817e+16 1.206160911582559e+07 3.079881257801029e+22
1.449967425547127e-03 7.646172707439034e+04 1.246558105721457e+16 1.206130758313601e+07 6.159531530274159e+22
2.899934851094254e-03 7.645169295995054e+04 1.246339997196839e+16 1.206077994615654e+07 9.700430671487727e+23
4.349902276641381e-03 7.643338086310538e+04 1.245941976980526e+16 1.205981689950747e+07 4.918136909417594e+24
5.799869702188508e-03 7.640719615139274e+04 1.245372897679264e+16 1.205843955947053e+07 1.378638914626867e+25
7.249837127735635e-03 7.637326039474868e+04 1.244635459518690e+16 1.205665403930259e+07 2.954357588250661e+25
8.699804553282762e-03 7.633163435257781e+04 1.243731057352440e+16 1.205446317468703e+07 5.415196154463316e+25
1.014977197882989e-02 7.628235891795706e+04 1.242660670540152e+16 1.205186867712854e+07 8.956807741483591e+25
1.159973940437702e-02 7.622546761752765e+04 1.241425134506180e+16 1.204887179174835e+07 1.377418565788622e+26
1.304970682992414e-02 7.616099152525650e+04 1.240025247376078e+16 1.204547355624991e+07 2.006155515917261e+26
1.449967425547127e-02 7.608896151990833e+04 1.238461818850548e+16 1.204167492028214e+07 2.801226067865437e+26
1.594964168101839e-02 7.600940943748201e+04 1.236735695036200e+16 1.203747680677165e+07 3.781865224666875e+26
1.739960910656552e-02 7.592236870460694e+04 1.234847771970876e+16 1.203288014603857e+07 4.967197223451339e+26
1.884957653211265e-02 7.582787470479120e+04 1.232799003319082e+16 1.202788589594130e+07 6.376224288310612e+26
2.029954395765978e-02 7.572596499684238e+04 1.230590404831502e+16 1.202249505432417e+07 8.027815486006761e+26
2.174951138320690e-02 7.561667944645681e+04 1.228223056894919e+16 1.201670866697452e+07 9.940695700857631e+26
2.319947880875403e-02 7.550006030414079e+04 1.225698105893871e+16 1.201052783283211e+07 1.213343474173077e+27
2.464944623430116e-02 7.537615224843918e+04 1.223016764797128e+16 1.200395370744721e+07 1.462443659246783e+27
2.609941365984829e-02 7.524500240581046e+04 1.220180313216065e+16 1.199698750528222e+07 1.743192881617768e+27
2.754938108539541e-02 7.510666035418160e+04 1.217190097088498e+16 1.198963050122502e+07 2.057395212327423e+27
2.899934851094254e-02 7.496117811469156e+04 1.214047528086714e+16 1.198188403154933e+07 2.406835011272984e+27
3.044931593648967e-02 7.480861013460057e+04 1.210754082815168e+16 1.197374949447678e+07 2.793275919566614e+27
3.189928336203679e-02 7.464901326338458e+04 1.207311301842530e+16 1.196522835044490e+07 3.218459871011291e+27
3.334925078758393e-02 7.448244672342000e+04 1.203720788599456e+16 1.195632212215272e+07 3.684106123543721e+27
3.479921821313105e-02 7.430897207626015e+04 1.199984208164702e+16 1.194703239443464e+07 4.191910311468240e+27
3.624918563867817e-02 7.412865318523394e+04 1.196103285956356e+16 1.193736081399851e+07 4.743543519273724e+27
3.769915306422530e-02 7.394155617491282e+04 1.192079806340950e+16 1.192730908905452e+07 5.340651377793802e+27
3.914912048977243e-02 7.374774938786315e+04 1.187915611170453e+16 1.191687898885417e+07 5.984853183444087e+27
4.059908791531956e-02 7.354730333901098e+04 1.183612598255207e+16 1.190607234315432e+07 6.677741041234364e+27
4.204905534086668e-02 7.334029066788108e+04 1.179172719779462e+16 1.189489104161731e+07 7.420879032223493e+27
4.349902276641381e-02 7.312678608892567e+04 1.174597980665160e+16 1.188333703315607e+07 8.215802406049495e+27
4.494899019196094e-02 7.290686634012367e+04 1.169890436888918e+16 1.187141232523099e+07 9.064016799134896e+27
4.639895761750806e-02 7.268061013000589e+04 1.165052193756563e+16 1.185911898310408e+07 9.966997479136244e+27
4.784892504305518e-02 7.244809808324304e+04 1.160085404139221e+16 1.184645912905499e+07 1.092618861616691e+28
4.929889246860232e-02 7.220941268491880e+04 1.154992266674629e+16 1.183343494156236e+07 1.194300258128856e+28
5.074885989414944e-02 7.196463822359931e+04 1.149775023937108e+16 1.182004865445383e+07 1.301881927273332e+28
5.219882731969656e-02 7.171386073330222e+04 1.144435960579453e+16 1.180630255602717e+07 1.415498547028012e+28
5.364879474524370e-02 7.145716793446196e+04 1.138977401449870e+16 1.179219898814487e+07 1.535281421817587e+28
5.509876217079082e-02 7.119464917398269e+04 1.133401709686946e+16 1.177774034530415e+07 1.661358423695063e+28
5.654872959633796e-02 7.092639536446615e+04 1.127711284795565e+16 1.176292907368418e+07 1.793853936444270e+28
5.799869702188508e-02 7.065249892269884e+04 1.121908560706609e+16 1.174776767017206e+07 1.932888802631671e+28
5.944866444743221e-02 7.037305370747970e+04 1.115996003823176e+16 1.173225868136907e+07 2.078580273631019e+28
6.089863187297934e-02 7.008815495686744e+04 1.109976111056040e+16 1.171640470257847e+07 2.231041962642107e+28
6.234859929852646e-02 6.979789922492481e+04 1.103851407850967e+16 1.170020837677612e+07 2.390383800720172e+28
6.379856672407358e-02 6.950238431803514e+04 1.097624446210495e+16 1.168367239356511e+07 2.556711995829003e+28
6.524853414962072e-02 6.920170923086500e+04 1.091297802712692e+16 1.166679948811549e+07 2.730128994928350e+28
6.669850157516785e-02 6.889597408204553e+04 1.084874076529391e+16 1.164959244009016e+07 2.910733449101064e+28
6.814846900071497e-02 6.858528004964349e+04 1.078355887446318e+16 1.163205407255797e+07 3.098620181722443e+28
6.959843642626209e-02 6.826972930649159e+04 1.071745873887506e+16 1.161418725089497e+07 3.293880159671301e+28
7.104840385180922e-02 6.794942495544686e+04 1.065046690946317e+16 1.159599488167485e+07 3.496600467578345e+28
7.249837127735634e-02 6.762447096464393e+04 1.058261008425339e+16 1.157747991154933e+07 3.706864285103855e+28
7.394833870290347e-02 6.729497210280933e+04 1.051391508887381e+16 1.155864532611966e+07 3.924750867233553e+28
7.539830612845061e-02 6.696103387470105e+04 1.044440885719728e+16 1.153949414879983e+07 4.150335527578733e+28
7.684827355399773e-02 6.662276245673673e+04 1.037411841213747e+16 1.152002943967263e+07 4.383689624662692e+28
7.829824097954485e-02 6.628026463287231e+04 1.030307084661890e+16 1.150025429433919e+07 4.624880551172174e+28
7.974820840509199e-02 6.593364773079133e+04 1.023129330474076e+16 1.148017184276300e+07 4.873971726150505e+28
8.119817583063912e-02 6.558301955846393e+04 1.015881296315345e+16 1.145978524810906e+07 5.131022590106224e+28
8.264814325618625e-02 6.522848834113298e+04 1.008565701266657e+16 1.143909770557922e+07 5.396088603006138e+28
8.409811068173337e-02 6.487016265878295e+04 1.001185264010584e+16 1.141811244124420e+07 5.669221245120432e+28
8.554807810728049e-02 6.450815138414627e+04 9.937427010436376e+15 1.139683271087331e+07 5.950468020685455e+28
8.699804553282761e-02 6.414256362129936e+04 9.862407249168386e+15 1.137526179876253e+07 6.239872464345002e+28
8.844801295837473e-02 6.377350864489964e+04 9.786820425061174e+15 1.135340301656176e+07 6.537474150330282e+28
8.989798038392187e-02 6.340109584011277e+04 9.710693533140304e+15 1.133125970210183e+07 6.843308704334965e+28
9.134794780946900e-02 6.302543464327753e+04 9.634053478042132e+15 1.130883521822228e+07 7.157407818039962e+28
9.279791523501613e-02 6.264663448335446e+04 9.556927057699192e+15 1.128613295160032e+07 7.479799266240640e+28
9.424788266056325e-02 6.226480472420200e+04 9.479340947379090e+15 1.126315631158190e+07 7.810506926526286e+28
9.569785008611038e-02 6.188005460772252e+04 9.401321684088892e+15 1.123990872901544e+07 8.149550801459922e+28
9.714781751165752e-02 6.149249319791853e+04 9.322895651356186e+15 1.121639365508897e+07 8.496947043204793e+28
9.859778493720464e-02 6.110222932589760e+04 9.244089064397206e+15 1.119261456017129e+07 8.852707980541413e+28
1.000477523627518e-01 6.070937153586268e+04 9.164927955681730e+15 1.116857493265786e+07 9.216842148218005e+28
1.014977197882989e-01 6.031402803212257e+04 9.085438160903592e+15 1.114427827782195e+07 9.589354318575099e+28
1.029476872138460e-01 5.991630662715528e+04 9.005645305364988e+15 1.111972811667180e+07 9.970245535383855e+28
1.043976546393931e-01 5.951631469075543e+04 8.925574790781914e+15 1.109492798481425e+07 1.035951314983655e+29
1.058476220649403e-01 5.911415910029458e+04 8.845251782517399e+15 1.106988143132555e+07 1.075715085862406e+29
1.072975894904874e-01 5.870994619212176e+04 8.764701197248402e+15 1.104459201762981e+07 1.116314874403779e+29
1.087475569160345e-01 5.830378171412929e+04 8.683947691071500e+15 1.101906331638576e+07 1.157749331602996e+29
1.101975243415816e-01 5.789577077950747e+04 8.603015648051826e+15 1.099329891038224e+07 1.200016755616507e+29
1.116474917671288e-01 5.748601782170922e+04 8.521929169218914e+15 1.096730239144306e+07 1.243115096339594e+29
1.130974591926759e-01 5.707462655064472e+04 8.440712062012482e+15 1.094107735934161e+07 1.287041960159453e+29
1.145474266182230e-01 5.666169991012337e+04 8.359387830180438e+15 1.091462742072585e+07 1.331794614877061e+29
1.159973940437702e-01 5.624734003655909e+04 8.277979664130730e+15 1.088795618805401e+07 1.377369994790803e+29
1.174473614693173e-01 5.583164821895315e+04 8.196510431738014e+15 1.086106727854159e+07 1.423764705934849e+29
1.188973288948644e-01 5.541472486016643e+04 8.115002669605418e+15 1.083396431312000e+07 1.470975031465279e+29
1.203472963204115e-01 5.499666943949199e+04 8.033478574781125e+15 1.080665091540733e+07 1.518996937186847e+29
1.217972637459587e-01 5.457758047653639e+04 7.951959996928776e+15 1.077913071069156e+07 1.567826077213458e+29
1.232472311715058e-01 5.415755549641683e+04 7.870468430950212e+15 1.075140732492677e+07 1.617457799755179e+29
1.246971985970529e-01 5.373669099627956e+04 7.789025010058390e+15 1.072348438374256e+07 1.667887153024748e+29
1.261471660226001e-01 5.331508241314308e+04 7.707650499297824e+15 1.069536551146708e+07 1.719108891256515e+29
1.275971334481472e-01 5.289282409306821e+04 7.626365289509318e+15 1.066705433016404e+07 1.771117480830841e+29
1.290471008736943e-01 5.247000926165561e+04 7.545189391735254e+15 1.063855445868403e+07 1.823907106496866e+29
1.304970682992414e-01 5.204672999586967e+04 7.464142432061202e+15 1.060986951173041e+07 1.877471677686657e+29
1.319470357247886e-01 5.162307719718602e+04 7.383243646889122e+15 1.058100309894006e+07 1.931804834914095e+29
1.333970031503357e-01 5.119914056605902e+04 7.302511878636987e+15 1.055195882397931e+07 1.986899956251188e+29
1.348469705758828e-01 5.077500857770349e+04 7.221965571859218e+15 1.052274028365525e+07 2.042750163875398e+29
1.362969380014299e-01 5.035076845918396e+04 7.141622769781902e+15 1.049335106704271e+07 2.099348330681095e+29
1.377469054269771e-01 4.992650616780353e+04 7.061501111246358e+15 1.046379475462707e+07 2.156687086948364e+29
1.391968728525242e-01 4.950230637078279e+04 6.981617828054293e+15 1.043407491746315e+07 2.214758827062925e+29
1.406468402780713e-01 4.907825242621810e+04 6.901989742707368e+15 1.040419511635039e+07 2.273555716280287e+29
1.420968077036184e-01 4.865442636530776e+04 6.822633266533742e+15 1.037415890102442e+07 2.333069697527982e+29
1.435467751291656e-01 4.823090887583286e+04 6.743564398193796e+15 1.034396980936524e+07 2.393292498239575e+29
1.449967425547127e-01 4.780777928687903e+04 6.664798722557000e+15 1.031363136662215e+07 2.454215637214172e+29
1.464467099802598e-01 4.738511555478386e+04 6.586351409941586e+15 1.028314708465552e+07 2.515830431495469e+29
1.478966774058069e-01 4.696299425029421e+04 6.508237215708486e+15 1.025252046119553e+07 2.578128003264247e+29
1.493466448313541e-01 4.654149054691638e+04 6.430470480200740e+15 1.022175497911801e+07 2.641099286738610e+29
1.507966122569012e-01 4.612067821044112e+04 6.353065129019410e+15 1.019085410573743e+07 2.704735035076183e+29
1.522465796824483e-01 4.570062958962534e+04 6.276034673626835e+15 1.015982129211708e+07 2.769025827272663e+29
1.536965471079955e-01 4.528141560801040e+04 6.199392212267910e+15 1.012865997239657e+07 2.833962075051398e+29
1.551465145335426e-01 4.486310575685753e+04 6.123150431199938e+15 1.009737356313665e+07 2.899534029738493e+29
1.565964819590897e-01 4.444576808917886e+04 6.047321606221488e+15 1.006596546268135e+07 2.965731789118294e+29
1.580464493846369e-01 4.402946921484315e+04 5.971917604490576e+15 1.003443905053755e+07 3.032545304264453e+29
1.594964168101839e-01 4.361427429673365e+04 5.896949886622412e+15 1.000279768677180e+07 3.099964386341480e+29
1.609463842357311e-01 4.320024704793582e+04 5.822429509056896e+15 9.971044711424645e+06 3.167978713371821e+29
1.623963516612782e-01 4.278744972993164e+04 5.748367126686000e+15 9.939183443942197e+06 3.236577836964393e+29
1.638463190868253e-01 4.237594315177689e+04 5.674772995731126e+15 9.907217182624998e+06 3.305751188999668e+29
1.652962865123725e-01 4.196578667023760e+04 5.601656976860530e+15 9.875149204094207e+06 3.375488088267102e+29
1.667462539379196e-01 4.155703819086113e+04 5.529028538536918e+15 9.842982762774929e+06 3.445777747051052e+29
1.681962213634667e-01 4.114975416995741e+04 5.456896760585292e+15 9.810721090396710e+06 3.516609277660711e+29
1.696461887890139e-01 4.074398961746522e+04 5.385270337971207e+15 9.778367395511065e+06 3.587971698900558e+29
1.710961562145610e-01 4.033979810067863e+04 5.314157584779622e+15 9.745924863025993e+06 3.659853942477571e+29
1.725461236401081e-01 3.993723174880786e+04 5.243566438384563e+15 9.713396653757352e+06 3.732244859341456e+29
1.739960910656552e-01 3.953634125834945e+04 5.173504463799948e+15 9.680785903996989e+06 3.805133225954894e+29
1.754460584912024e-01 3.913717589923982e+04 5.103978858201944e+15 9.648095725097531e+06 3.878507750490095e+29
1.768960259167495e-01 3.873978352176666e+04 5.034996455613356e+15 9.615329203073684e+06 3.952357078949087e+29
1.783459933422966e-01 3.834421056421231e+04 4.966563731740660e+15 9.582489398219928e+06 4.026669801204332e+29
1.797959607678438e-01 3.795050206120351e+04 4.898686808954382e+15 9.549579344744448e+06 4.101434456957136e+29
1.812459281933909e-01 3.755870165274164e+04 4.831371461403674e+15 9.516602050419165e+06 4.176639541611502e+29
1.826958956189380e-01 3.716885159388780e+04 4.764623120256052e+15 9.483560496245712e+06 4.252273512060363e+29
1.841458630444852e-01 3.678099276507727e+04 4.698446879053446e+15 9.450457636137169e+06 4.328324792381963e+29
1.855958304700323e-01 3.639516468303767e+04 4.632847499175816e+15 9.417296396615414e+06 4.404781779444800e+29
1.870457978955793e-01 3.601140551228570e+04 4.567829415403760e+15 9.384079676523902e+06 4.481632848418507e+29
1.884957653211265e-01 3.562975207717715e+04 4.503396741571750e+15 9.350810346755669e+06 4.558866358188585e+29
1.899457327466736e-01 3.525023987448527e+04 4.439553276303738e+15 9.317491249996424e+06 4.636470656674148e+29
1.913957001722207e-01 3.487290308648291e+04 4.376302508823086e+15 9.284125200482454e+06 4.714434086046039e+29
1.928456675977679e-01 3.449777459450364e+04 4.313647624828984e+15 9.250714983773235e+06 4.792744987844253e+29
1.942956350233150e-01 3.412488599295799e+04 4.251591512431642e+15 9.217263356538475e+06 4.871391707993598e+29
1.957456024488621e-01 3.375426760378057e+04 4.190136768138802e+15 9.183773046359390e+06 4.950362601715703e+29
1.971955698744093e-01 3.338594849128478e+04 4.129285702886266e+15 9.150246751544055e+06 5.029646038336871e+29
1.986455372999564e-01 3.301995647740144e+04 4.069040348105358e+15 9.116687140956517e+06 5.109230405990631e+29
2.000955047255035e-01 3.265631815727885e+04 4.009402461820433e+15 9.083096853859555e+06 5.189104116213822e+29
2.015454721510506e-01 3.229505891522126e+04 3.950373534769745e+15 9.049478499770775e+06 5.269255608435734e+29
2.029954395765978e-01 3.193620294094391e+04 3.891954796543212e+15 9.015834658331871e+06 5.349673354359871e+29
2.044454070021449e-01 3.157977324612267e+04 3.834147221730786e+15 8.982167879190776e+06 5.430345862237567e+29
2.058953744276920e-01 3.122579168121685e+04 3.776951536075390e+15 8.948480681896530e+06 5.511261681032968e+29
2.073453418532392e-01 3.087427895254429e+04 3.720368222624558e+15 8.914775555806559e+06 5.592409404479475e+29
2.087953092787863e-01 3.052525463958818e+04 3.664397527875126e+15 8.881054960006189e+06 5.673777675027128e+29
2.102452767043334e-01 3.017873721251535e+04 3.609039467905566e+15 8.847321323240120e+06 5.755355187680953e+29
2.116952441298806e-01 2.983474404988655e+04 3.554293834490708e+15 8.813577043855645e+06 5.837130693730321e+29
2.131452115554276e-01 2.949329145653935e+04 3.500160201193850e+15 8.779824489757344e+06 5.919093004369374e+29
2.145951789809748e-01 2.915439468162502e+04 3.446637929431438e+15 8.746065998373039e+06 6.001230994208736e+29
2.160451464065219e-01 2.881806793678097e+04 3.393726174505712e+15 8.712303876630757e+06 6.083533604678967e+29
2.174951138320690e-01 2.848432441442101e+04 3.341423891600900e+15 8.678540400946446e+06 6.165989847325952e+29
2.189450812576162e-01 2.815317630612610e+04 3.289729841738787e+15 8.644777817222223e+06 6.248588806998529e+29
2.203950486831633e-01 2.782463482111867e+04 3.238642597689616e+15 8.611018340854896e+06 6.331319644929251e+29
2.218450161087104e-01 2.749871020480412e+04 3.188160549834558e+15 8.577264156754501e+06 6.414171601708943e+29
2.232949835342576e-01 2.717541175736362e+04 3.138281911976092e+15 8.543517419372655e+06 6.497134000155156e+29
2.247449509598047e-01 2.685474785238283e+04 3.089004727092916e+15 8.509780252740435e+06 6.580196248075965e+29
2.261949183853518e-01 2.653672595550144e+04 3.040326873036118e+15 8.476054750515573e+06 6.663347840929472e+29
2.276448858108989e-01 2.622135264306930e+04 2.992246068163596e+15 8.442342976038694e+06 6.746578364380104e+29
2.290948532364461e-01 2.590863362079496e+04 2.944759876909816e+15 8.408646962398402e+06 6.829877496752977e+29
2.305448206619932e-01 2.559857374237328e+04 2.897865715288259e+15 8.374968712504920e+06 6.913235011386197e+29
2.319947880875403e-01 2.529117702807894e+04 2.851560856324014e+15 8.341310199172092e+06 6.996640778883809e+29
2.334447555130874e-01 2.498644668331347e+04 2.805842435414186e+15 8.307673365207485e+06 7.080084769269256e+29
2.348947229386346e-01 2.468438511709362e+04 2.760707455613937e+15 8.274060123510362e+06 7.163557054040598e+29
2.363446903641817e-01 2.438499396046943e+04 2.716152792846145e+15 8.240472357177290e+06 7.247047808129858e+29
2.377946577897288e-01 2.408827408486104e+04 2.672175201032818e+15 8.206911919615161e+06 7.330547311766221e+29
2.392446252152760e-01 2.379422562030330e+04 2.628771317146577e+15 8.173380634661375e+06 7.414045952245144e+29
2.406945926408231e-01 2.350284797358818e+04 2.585937666180635e+15 8.139880296710992e+06 7.497534225604778e+29
2.421445600663702e-01 2.321413984629507e+04 2.543670666035890e+15 8.106412670850588e+06 7.581002738211085e+29
2.435945274919173e-01 2.292809925269961e+04 2.501966632323842e+15 8.072979492998611e+06 7.664442208252852e+29
2.450444949174644e-01 2.264472353755219e+04 2.460821783084230e+15 8.039582470052036e+06 7.747843467147633e+29
2.464944623430116e-01 2.236400939371772e+04 2.420232243416392e+15 8.006223280039048e+06 7.831197460860755e+29
2.479444297685587e-01 2.208595287966836e+04 2.380194050023473e+15 7.972903572277602e+06 7.914495251139087e+29
2.493943971941058e-01 2.181054943682183e+04 2.340703155668753e+15 7.939624967539590e+06 7.997728016660395e+29
2.508443646196530e-01 2.153779390671789e+04 2.301755433543476e+15 7.906389058220431e+06 8.080887054099687e+29
2.522943320452001e-01 2.126768054802621e+04 2.263346681545670e+15 7.873197408513891e+06 8.163963779114893e+29
2.537442994707472e-01 2.100020305337914e+04 2.225472626469584e+15 7.840051554591883e+06 8.246949727252699e+29
2.551942668962944e-01 2.073535456602338e+04 2.188128928105438e+15 7.806953004789103e+06 8.329836554776824e+29
2.566442343218415e-01 2.047312769628468e+04 2.151311183249325e+15 7.773903239792246e+06 8.412616039419552e+29
2.580942017473886e-01 2.021351453784051e+04 2.115014929623172e+15 7.740903712833651e+06 8.495280081058935e+29
2.595441691729358e-01 1.995650668379540e+04 2.079235649704786e+15 7.707955849889150e+06 8.577820702322670e+29
2.609941365984828e-01 1.970209524255462e+04 2.043968774468082e+15 7.675061049879957e+06 8.660230049119985e+29
2.624441040240300e-01 1.945027085349165e+04 2.009209687033695e+15 7.642220684878387e+06 8.742500391104577e+29
2.638940714495771e-01 1.920102370240571e+04 1.974953726230242e+15 7.609436100317243e+06 8.824624122068383e+29
2.653440388751243e-01 1.895434353676550e+04 1.941196190066597e+15 7.576708615202677e+06 8.906593760269167e+29
2.667940063006713e-01 1.871021968073603e+04 1.907932339115614e+15 7.544039522330342e+06 8.988401948693063e+29
2.682439737262185e-01 1.846864104998534e+04 1.875157399809784e+15 7.511430088504691e+06 9.070041455253631e+29
2.696939411517656e-01 1.822959616626846e+04 1.842866567649406e+15 7.478881554761209e+06 9.151505172929351e+29
2.711439085773127e-01 1.799307317178625e+04 1.811055010323920e+15 7.446395136591447e+06 9.232786119840517e+29
2.725938760028599e-01 1.775905984331678e+04 1.779717870747067e+15 7.413972024170686e+06 9.313877439267997e+29
2.740438434284070e-01 1.752754360611749e+04 1.748850270006651e+15 7.381613382588054e+06 9.394772399614676e+29
2.754938108539541e-01 1.729851154759654e+04 1.718447310229706e+15 7.349320352078954e+06 9.475464394312216e+29
2.769437782795012e-01 1.707195043075175e+04 1.688504077363908e+15 7.317094048259649e+06 9.555946941673481e+29
2.783937457050484e-01 1.684784670737622e+04 1.659015643876166e+15 7.284935562363847e+06 9.636213684692798e+29
2.798437131305955e-01 1.662618653102963e+04 1.629977071369302e+15 7.252845961481141e+06 9.716258390796019e+29
2.812936805561426e-01 1.640695576977453e+04 1.601383413117844e+15 7.220826288797159e+06 9.796074951541106e+29
2.827436479816898e-01 1.619014001867717e+04 1.573229716523938e+15 7.188877563835295e+06 9.875657382271386e+29
2.841936154072369e-01 1.597572461207264e+04 1.545511025494442e+15 7.157000782699857e+06 9.954999821722972e+29
2.856435828327840e-01 1.576369463559420e+04 1.518222382740307e+15 7.125196918320525e+06 1.003409653158741e+30
2.870935502583312e-01 1.555403493796710e+04 1.491358831999364e+15 7.093466920697981e+06 1.011294189603131e+30
2.885435176838783e-01 1.534673014256692e+04 1.464915420183664e+15 7.061811717150565e+06 1.019153042117461e+30
2.899934851094254e-01 1.514176465874336e+04 1.438887199452554e+15 7.030232212561868e+06 1.026985673452895e+30
2.914434525349725e-01 1.493912269290965e+04 1.413269229212682e+15 6.998729289629096e+06 1.034791558439742e+30
2.928934199605197e-01 1.473878825939888e+04 1.388056578046158e+15 6.967303809112133e+06 1.042570183923629e+30
2.943433873860668e-01 1.454074519108792e+04 1.363244325568088e+15 6.935956610083155e+06 1.050321048698219e+30
2.957933548116140e-01 1.434497714979021e+04 1.338827564214755e+15 6.904688510176694e+06 1.058043663434403e+30
2.972433222371610e-01 1.415146763641868e+04 1.314801400963698e+15 6.873500305840051e+06 1.065737550606192e+30
2.986932896627081e-01 1.396020000092013e+04 1.291160958986963e+15 6.842392772583935e+06 1.073402244413500e+30
3.001432570882553e-01 1.377115745198276e+04 1.267901379238816e+15 6.811366665233246e+06 1.081037290701823e+30
3.015932245138024e-01 1.358432306651835e+04 1.245017821979210e+15 6.780422718177884e+06 1.088642246879023e+30
3.030431919393495e-01 1.339967979892092e+04 1.222505468234304e+15 6.749561645623499e+06 1.096216681829315e+30
3.044931593648966e-01 1.321721049010381e+04 1.200359521195330e+15 6.718784141842082e+06 1.103760175824644e+30
3.059431267904438e-01 1.303689787631701e+04 1.178575207557120e+15 6.688090881422315e+06 1.111272320433509e+30
3.073930942159909e-01 1.285872459774695e+04 1.157147778797598e+15 6.657482519519572e+06 1.118752718427373e+30
3.088430616415381e-01 1.268267320690087e+04 1.136072512399524e+15 6.626959692105515e+06 1.126200983684755e+30
3.102930290670852e-01 1.250872617677794e+04 1.115344713015828e+15 6.596523016217174e+06 1.133616741093157e+30
3.117429964926323e-01 1.233686590882958e+04 1.094959713579795e+15 6.566173090205457e+06 1.140999626448933e+30
3.131929639181794e-01 1.216707474071126e+04 1.074912876361418e+15 6.535910493982982e+06 1.148349286355237e+30
3.146429313437266e-01 1.199933495382831e+04 1.055199593971199e+15 6.505735789271196e+06 1.155665378118024e+30
3.160928987692737e-01 1.183362878067824e+04 1.035815290312690e+15 6.475649519846669e+06 1.162947569640429e+30
3.175428661948207e-01 1.166993841199215e+04 1.016755421485024e+15 6.445652211786527e+06 1.170195539315478e+30
3.189928336203679e-01 1.150824600367783e+04 9.980154766367358e+14 6.415744373712929e+06 1.177408975917233e+30
3.204428010459150e-01 1.134853368356735e+04 9.795909787720868e+14 6.385926497036550e+06 1.184587578490549e+30
3.218927684714622e-01 1.119078355797170e+04 9.614774855111752e+14 6.356199056198990e+06 1.191731056239464e+30
3.233427358970093e-01 1.103497771804535e+04 9.436705898050374e+14 6.326562508914055e+06 1.198839128414393e+30
3.247927033225564e-01 1.088109824596349e+04 9.261659206069705e+14 6.297017296407852e+06 1.205911524198103e+30
3.262426707481035e-01 1.072912722091489e+04 9.089591435012840e+14 6.267563843657652e+06 1.212947982590750e+30
3.276926381736507e-01 1.057904672491294e+04 8.920459612906668e+14 6.238202559629442e+06 1.219948252293884e+30
3.291426055991978e-01 1.043083884842817e+04 8.754221145433545e+14 6.208933837514162e+06 1.226912091593510e+30
3.305925730247449e-01 1.028448569584479e+04 8.590833821012562e+14 6.179758054962526e+06 1.233839268242462e+30
3.320425404502920e-01 1.013996939074434e+04 8.430255815501884e+14 6.150675574318421e+06 1.240729559342017e+30
3.334925078758392e-01 9.997272081019426e+03 8.272445696533504e+14 6.121686742850819e+06 1.247582751222815e+30
3.349424753013863e-01 9.856375943820291e+03 8.117362427491535e+14 6.092791892984165e+06 1.254398639325350e+30
3.363924427269335e-01 9.717263190337366e+03 7.964965371145030e+14 6.063991342527209e+06 1.261177028079926e+30
3.378424101524806e-01 9.579916070422656e+03 7.815214292946168e+14 6.035285394900227e+06 1.267917730786123e+30
3.392923775780277e-01 9.444316877052923e+03 7.668069364004404e+14 6.006674339360610e+06 1.274620569491968e+30
3.407423450035748e-01 9.310447950637654e+03 7.523491163747088e+14 5.978158451226788e+06 1.281285374872873e+30
3.421923124291220e-01 9.178291683174710e+03 7.381440682276770e+14 5.949737992100439e+06 1.287911986110368e+30
3.436422798546691e-01 9.047830522256652e+03 7.241879322435365e+14 5.921413210086965e+06 1.294500250770658e+30
3.450922472802163e-01 8.919046974930661e+03 7.104768901585016e+14 5.893184340014212e+06 1.301050024683074e+30
3.465422147057634e-01 8.791923611414961e+03 6.970071653115454e+14 5.865051603649391e+06 1.307561171818543e+30
3.479921821313105e-01 8.666443068674667e+03 6.837750227687332e+14 5.837015209914189e+06 1.314033564168127e+30
3.494421495568576e-01 8.542588053859990e+03 6.707767694220936e+14 5.809075355098031e+06 1.320467081621621e+30
3.508921169824047e-01 8.420341347609618e+03 6.580087540639400e+14 5.781232223069483e+06 1.326861611846276e+30
3.523420844079519e-01 8.299685807222195e+03 6.454673674375442e+14 5.753485985485777e+06 1.333217050165761e+30
3.537920518334989e-01 8.180604369698700e+03 6.331490422650379e+14 5.725836802000422e+06 1.339533299439389e+30
3.552420192590461e-01 8.063080054658599e+03 6.210502532534020e+14 5.698284820468895e+06 1.345810269941598e+30
3.566919866845932e-01 7.947095967132500e+03 6.091675170793882e+14 5.670830177152399e+06 1.352047879241834e+30
3.581419541101404e-01 7.832635300234160e+03 5.974973923541910e+14 5.643472996919663e+06 1.358246052084775e+30
3.595919215356875e-01 7.719681337714554e+03 5.860364795686768e+14 5.616213393446776e+06 1.364404720271045e+30
3.610418889612346e-01 7.608217456400735e+03 5.747814210199545e+14 5.589051469415038e+06 1.370523822538371e+30
3.624918563867817e-01 7.498227128522196e+03 5.637289007200528e+14 5.561987316706820e+06 1.376603304443244e+30
3.639418238123289e-01 7.389693923927394e+03 5.528756442874545e+14 5.535021016599425e+06 1.382643118243194e+30
3.653917912378760e-01 7.282601512193076e+03 5.422184188222161e+14 5.508152639956931e+06 1.388643222779635e+30
3.668417586634231e-01 7.176933664629002e+03 5.317540327653848e+14 5.481382247420022e+06 1.394603583361347e+30
3.682917260889702e-01 7.072674256180682e+03 5.214793357434072e+14 5.454709889593786e+06 1.400524171648560e+30
3.697416935145174e-01 6.969807267232628e+03 5.113912183982065e+14 5.428135607233489e+06 1.406404965537801e+30
3.711916609400645e-01 6.868316785314650e+03 5.014866122035838e+14 5.401659431428305e+06 1.412245949047490e+30
3.726416283656117e-01 6.768187006713688e+03 4.917624892685884e+14 5.375281383783013e+06 1.418047112204211e+30
3.740915957911588e-01 6.669402237993602e+03 4.822158621284776e+14 5.349001476597641e+06 1.423808450929838e+30
3.755415632167059e-01 6.571946897425353e+03 4.728437835238759e+14 5.322819713045077e+06 1.429529966929426e+30
3.769915306422530e-01 6.475805516329924e+03 4.636433461687209e+14 5.296736087346630e+06 1.435211667579979e+30
3.784414980678001e-01 6.380962740336347e+03 4.546116825075718e+14 5.270750584945537e+06 1.440853565820077e+30
3.798914654933473e-01 6.287403330557123e+03 4.457459644628369e+14 5.244863182678442e+06 1.446455680040322e+30
3.813414329188944e-01 6.195112164683323e+03 4.370434031724616e+14 5.219073848944816e+06 1.452018033974734e+30
3.827914003444415e-01 6.104074238001572e+03 4.285012487186020e+14 5.193382543874344e+06 1.457540656593124e+30
3.842413677699886e-01 6.014274664335133e+03 4.201167898477948e+14 5.167789219492279e+06 1.463023581994335e+30
3.856913351955358e-01 5.925698676911255e+03 4.118873536831174e+14 5.142293819882750e+06 1.468466849300472e+30
3.871413026210829e-01 5.838331629156890e+03 4.038103054288189e+14 5.116896281350056e+06 1.473870502552103e+30
3.885912700466301e-01 5.752158995424874e+03 3.958830480678854e+14 5.091596532577923e+06 1.479234590604480e+30
3.900412374721771e-01 5.667166371652624e+03 3.881030220529912e+14 5.066394494786754e+06 1.484559167024724e+30
3.914912048977243e-01 5.583339475955347e+03 3.804677049912720e+14 5.041290081888866e+06 1.489844289990090e+30
3.929411723232714e-01 5.500664149155766e+03 3.729746113233407e+14 5.016283200641716e+06 1.495090022187263e+30
3.943911397488185e-01 5.419126355252260e+03 3.656212919969568e+14 4.991373750799143e+06 1.500296430712646e+30
3.958411071743656e-01 5.338712181827364e+03 3.584053341357425e+14 4.966561625260611e+06 1.505463586973711e+30
3.972910745999128e-01 5.259407840398460e+03 3.513243607033278e+14 4.941846710218486e+06 1.510591566591518e+30
3.987410420254599e-01 5.181199666712496e+03 3.443760301632936e+14 4.917228885303333e+06 1.515680449304218e+30
4.001910094510071e-01 5.104074120986541e+03 3.375580361352712e+14 4.892708023727259e+06 1.520730318871636e+30
4.016409768765542e-01 5.028017788095913e+03 3.308681070475378e+14 4.868283992425306e+06 1.525741262981008e+30
4.030909443021013e-01 4.953017377711612e+03 3.243040057864446e+14 4.843956652194910e+06 1.530713373153762e+30
4.045409117276484e-01 4.879059724388734e+03 3.178635293429956e+14 4.819725857833426e+06 1.535646744653475e+30
4.059908791531955e-01 4.806131787607521e+03 3.115445084568851e+14 4.795591458273741e+06 1.540541476394832e+30
4.074408465787427e-01 4.734220651768665e+03 3.053448072582931e+14 4.771553296717992e+06 1.545397670853800e+30
4.088908140042898e-01 4.663313526144434e+03 2.992623229077240e+14 4.747611210769376e+06 1.550215433978901e+30
4.103407814298370e-01 4.593397744787186e+03 2.932949852341638e+14 4.723765032562096e+06 1.554994875103519e+30
4.117907488553841e-01 4.524460766396749e+03 2.874407563718228e+14 4.700014588889442e+06 1.559736106859436e+30
4.132407162809312e-01 4.456490174148184e+03 2.816976303957162e+14 4.676359701330012e+06 1.564439245091486e+30
4.146906837064783e-01 4.389473675481343e+03 2.760636329563306e+14 4.652800186372098e+06 1.569104408773239e+30
4.161406511320255e-01 4.323399101853646e+03 2.705368209136093e+14 4.629335855536251e+06 1.573731719923904e+30
4.175906185575726e-01 4.258254408457462e+03 2.651152819704832e+14 4.605966515496042e+06 1.578321303526330e+30
4.190405859831197e-01 4.194027673903427e+03 2.597971343061644e+14 4.582691968197005e+06 1.582873287446087e+30
4.204905534086668e-01 4.130707099871014e+03 2.545805262094099e+14 4.559512010973830e+06 1.587387802351774e+30
4.219405208342140e-01 4.068281010727657e+03 2.494636357119535e+14 4.536426436665766e+06 1.591864981636357e+30
4.233904882597611e-01 4.006737853117649e+03 2.444446702222979e+14 4.513435033730281e+06 1.596304961339632e+30
4.248404556853083e-01 3.946066195522063e+03 2.395218661600483e+14 4.490537586354993e+06 1.600707880071884e+30
4.262904231108553e-01 3.886254727790874e+03 2.346934885909613e+14 4.467733874567876e+06 1.605073878938533e+30
4.277403905364024e-01 3.827292260648448e+03 2.299578308628775e+14 4.445023674345750e+06 1.609403101465995e+30
4.291903579619496e-01 3.769167725173518e+03 2.253132142426935e+14 4.422406757721109e+06 1.613695693528613e+30
4.306403253874967e-01 3.711870172254775e+03 2.207579875545279e+14 4.399882892887248e+06 1.617951803276664e+30
4.320902928130438e-01 3.655388772023114e+03 2.162905268192234e+14 4.377451844301751e+06 1.622171581065517e+30
4.335402602385909e-01 3.599712813261620e+03 2.119092348953237e+14 4.355113372788332e+06 1.626355179385843e+30
4.349902276641381e-01 3.544831702794280e+03 2.076125411216548e+14 4.332867235637058e+06 1.630502752794919e+30
4.364401950896852e-01 3.490734964854434e+03 2.033989009616363e+14 4.310713186702942e+06 1.634614457848983e+30
4.378901625152324e-01 3.437412240433923e+03 1.992667956494391e+14 4.288650976502982e+06 1.638690453036701e+30
4.393401299407795e-01 3.384853286613873e+03 1.952147318381019e+14 4.266680352311585e+06 1.642730898713715e+30
4.407900973663266e-01 3.333047975878034e+03 1.912412412497122e+14 4.244801058254462e+06 1.646735957038220e+30
4.422400647918737e-01 3.281986295409553e+03 1.873448803277517e+14 4.223012835400959e+06 1.650705791907548e+30
4.436900322174209e-01 3.231658346372058e+03 1.835242298917010e+14 4.201315421854885e+06 1.654640568895890e+30
4.451399996429680e-01 3.182054343175881e+03 1.797778947939917e+14 4.179708552843804e+06 1.658540455193045e+30
4.465899670685151e-01 3.133164612730241e+03 1.761045035793913e+14 4.158191960806857e+06 1.662405619544099e+30
4.480399344940622e-01 3.084979593682182e+03 1.725027081468979e+14 4.136765375481098e+06 1.666236232190234e+30
4.494899019196094e-01 3.037489835643026e+03 1.689711834142202e+14 4.115428523986373e+06 1.670032464810534e+30
4.509398693451565e-01 2.990685998403103e+03 1.655086269849119e+14 4.094181130908755e+06 1.673794490464701e+30
4.523898367707037e-01 2.944558851135472e+03 1.621137588182234e+14 4.073022918382554e+06 1.677522483536932e+30
4.538398041962508e-01 2.899099271589329e+03 1.587853209017346e+14 4.051953606170923e+06 1.681216619680662e+30
4.552897716217978e-01 2.854298245273812e+03 1.555220769268213e+14 4.030972911745060e+06 1.684877075764276e+30
4.567397390473450e-01 2.810146864632834e+03 1.523228119670099e+14 4.010080550362046e+06 1.688504029817869e+30
4.581897064728921e-01 2.766636328211602e+03 1.491863321592669e+14 3.989276235141315e+06 1.692097660980972e+30
4.596396738984393e-01 2.723757939815442e+03 1.461114643882682e+14 3.968559677139790e+06 1.695658149451133e+30
4.610896413239864e-01 2.681503107661525e+03 1.430970559736895e+14 3.947930585425678e+06 1.699185676433506e+30
4.625396087495335e-01 2.639863343524091e+03 1.401419743605531e+14 3.927388667150976e+06 1.702680424091383e+30
4.639895761750806e-01 2.598830261873713e+03 1.372451068126668e+14 3.906933627622661e+06 1.706142575497623e+30
4.654395436006278e-01 2.558395579011177e+03 1.344053601091845e+14 3.886565170372623e+06 1.709572314587008e+30
4.668895110261749e-01 2.518551112196476e+03 1.316216602443155e+14 3.866282997226317e+06 1.712969826109511e+30
4.683394784517220e-01 2.479288778773455e+03 1.288929521302079e+14 3.846086808370193e+06 1.716335295584428e+30
4.697894458772691e-01 2.440600595290583e+03 1.262181993030269e+14 3.825976302417871e+06 1.719668909255396e+30
4.712394133028163e-01 2.402478676618340e+03 1.235963836322462e+14 3.805951176475129e+06 1.722970854046316e+30
4.726893807283634e-01 2.364915235063674e+03 1.210265050331698e+14 3.786011126203674e+06 1.726241317518138e+30
4.741393481539106e-01 2.327902579481987e+03 1.185075811826964e+14 3.766155845883745e+06 1.729480487826475e+30
4.755893155794577e-01 2.291433114387056e+03 1.160386472383383e+14 3.746385028475542e+06 1.732688553680067e+30
4.770392830050048e-01 2.255499339059330e+03 1.136187555605030e+14 3.726698365679511e+06 1.735865704300091e+30
4.784892504305519e-01 2.220093846652988e+03 1.112469754380434e+14 3.707095547995492e+06 1.739012129380290e+30
4.799392178560991e-01 2.185209323302147e+03 1.089223928170824e+14 3.687576264780750e+06 1.742128019047905e+30
4.813891852816461e-01 2.150838547226600e+03 1.066441100331123e+14 3.668140204306903e+06 1.745213563825393e+30
4.828391527071932e-01 2.116974387837427e+03 1.044112455463702e+14 3.648787053815757e+06 1.748268954592990e+30
4.842891201327404e-01 2.083609804842848e+03 1.022229336804875e+14 3.629516499574076e+06 1.751294382552059e+30
4.857390875582875e-01 2.050737847354617e+03 1.000783243644101e+14 3.610328226927287e+06 1.754290039189149e+30
4.871890549838347e-01 2.018351652995314e+03 9.797658287758375e+13 3.591221920352147e+06 1.757256116240826e+30
4.886390224093818e-01 1.986444447006817e+03 9.591688959839839e+13 3.572197263508379e+06 1.760192805659298e+30
4.900889898349289e-01 1.955009541360255e+03 9.389843975588212e+13 3.553253939289293e+06 1.763100299578767e+30
4.915389572604760e-01 1.924040333867735e+03 9.192044318463598e+13 3.534391629871412e+06 1.765978790282539e+30
4.929889246860232e-01 1.893530307296100e+03 8.998212408299756e+13 3.515610016763113e+06 1.768828470170752e+30
4.944388921115703e-01 1.863473028482995e+03 8.808272077442092e+13 3.496908780852290e+06 1.771649531728942e+30
4.958888595371174e-01 1.833862147455484e+03 8.622148547205922e+13 3.478287602453073e+06 1.774442167497250e+30
4.973388269626645e-01 1.804691396551458e+03 8.439768404653462e+13 3.459746161351597e+06 1.777206570040289e+30
4.987887943882117e-01 1.775954589544062e+03 8.261059579687941e+13 3.441284136850841e+06 1.779942931917786e+30
5.002387618137588e-01 1.747645620769372e+03 8.085951322463081e+13 3.422901207814560e+06 1.782651445655816e+30
5.016887292393060e-01 1.719758464257519e+03 7.914374181106167e+13 3.404597052710311e+06 1.785332303718713e+30
5.031386966648530e-01 1.692287172867470e+03 7.746259979752681e+13 3.386371349651594e+06 1.787985698481664e+30
5.045886640904002e-01 1.665225877425657e+03 7.581541796890588e+13 3.368223776439114e+06 1.790611822203888e+30
5.060386315159473e-01 1.638568785868631e+03 7.420153944012064e+13 3.350154010601194e+06 1.793210867002530e+30
5.074885989414945e-01 1.612310182389928e+03 7.262031944570562e+13 3.332161729433325e+06 1.795783024827155e+30
5.089385663670416e-01 1.586444426591300e+03 7.107112513240894e+13 3.314246610036895e+06 1.798328487434778e+30
5.103885337925886e-01 1.560965952638480e+03 6.955333535480044e+13 3.296408329357089e+06 1.800847446365522e+30
5.118385012181359e-01 1.535869268421623e+03 6.806634047386261e+13 3.278646564219985e+06 1.803340092918988e+30
5.132884686436829e-01 1.511148954720577e+03 6.660954215854025e+13 3.260960991368844e+06 1.805806618131081e+30
5.147384360692300e-01 1.486799664375105e+03 6.518235319022325e+13 3.243351287499632e+06 1.808247212751402e+30
5.161884034947772e-01 1.462816121460197e+03 6.378419727013702e+13 3.225817129295756e+06 1.810662067221382e+30
5.176383709203243e-01 1.439193120466595e+03 6.241450882961425e+13 3.208358193462046e+06 1.813051371652778e+30
5.190883383458715e-01 1.415925525486632e+03 6.107273284322151e+13 3.190974156757993e+06 1.815415315806780e+30
5.205383057714186e-01 1.393008269405510e+03 5.975832464471341e+13 3.173664696030246e+06 1.817754089073720e+30
5.219882731969657e-01 1.370436353098111e+03 5.847074974578705e+13 3.156429488244389e+06 1.820067880453209e+30
5.234382406225129e-01 1.348204844631430e+03 5.720948365760894e+13 3.139268210516004e+06 1.822356878534824e+30
5.248882080480599e-01 1.326308878472735e+03 5.597401171508616e+13 3.122180540141036e+06 1.824621271479421e+30
5.263381754736072e-01 1.304743654703524e+03 5.476382890385349e+13 3.105166154625466e+06 1.826861247000818e+30
5.277881428991542e-01 1.283504438239368e+03 5.357843968994787e+13 3.088224731714308e+06 1.829076992347987e+30
5.292381103247014e-01 1.262586558055701e+03 5.241735785214123e+13 3.071355949419938e+06 1.831268694287847e+30
5.306880777502485e-01 1.241985406419640e+03 5.128010631690280e+13 3.054559486049768e+06 1.833436539088389e+30
5.321380451757955e-01 1.221696438127885e+03 5.016621699596147e+13 3.037835020233276e+06 1.835580712502339e+30
5.335880126013428e-01 1.201715169750766e+03 4.907523062643906e+13 3.021182230948400e+06 1.837701399751310e+30
5.350379800268898e-01 1.182037178882481e+03 4.800669661352472e+13 3.004600797547305e+06 1.839798785510362e+30
5.364879474524370e-01 1.162658103397584e+03 4.696017287566116e+13 2.988090399781548e+06 1.841873053893052e+30
5.379379148779841e-01 1.143573640713758e+03 4.593522569221286e+13 2.971650717826626e+06 1.843924388436868e+30
5.393878823035312e-01 1.124779547060922e+03 4.493142955358666e+13 2.955281432305939e+06 1.845952972089150e+30
5.408378497290783e-01 1.106271636756699e+03 4.394836701377486e+13 2.938982224314171e+06 1.847958987193387e+30
5.422878171546255e-01 1.088045781488283e+03 4.298562854529119e+13 2.922752775440093e+06 1.849942615475960e+30
5.437377845801725e-01 1.070097909600736e+03 4.204281239646988e+13 2.906592767788808e+06 1.851904038033276e+30
5.451877520057198e-01 1.052424005391727e+03 4.111952445109798e+13 2.890501884003437e+06 1.853843435319318e+30
5.466377194312668e-01 1.035020108412746e+03 4.021537809035138e+13 2.874479807286267e+06 1.855760987133598e+30
5.480876868568141e-01 1.017882312776811e+03 3.932999405700483e+13 2.858526221419363e+06 1.857656872609429e+30
5.495376542823611e-01 1.001006766472673e+03 3.846300032188638e+13 2.842640810784647e+06 1.859531270202655e+30
5.509876217079082e-01 9.843896706855344e+02 3.761403195254681e+13 2.826823260383473e+06 1.861384357680722e+30
5.524375891334554e-01 9.680272791242955e+02 3.678273098411462e+13 2.811073255855688e+06 1.863216312112081e+30
5.538875565590025e-01 9.519158973553231e+02 3.596874629230727e+13 2.795390483498191e+06 1.865027309856020e+30
5.553375239845496e-01 9.360518821427519e+02 3.517173346856963e+13 2.779774630283015e+06 1.866817526552760e+30
5.567874914100968e-01 9.204316407953141e+02 3.439135469731066e+13 2.764225383874912e+06 1.868587137113967e+30
5.582374588356439e-01 9.050516305196962e+02 3.362727863520911e+13 2.748742432648481e+06 1.870336315713581e+30
5.596874262611911e-01 8.899083577804163e+02 3.287918029256007e+13 2.733325465704821e+06 1.872065235778959e+30
5.611373936867381e-01 8.749983776662147e+02 3.214674091663335e+13 2.717974172887731e+06 1.873774069982334e+30
5.625873611122854e-01 8.603182932629484e+02 3.142964787701564e+13 2.702688244799471e+06 1.875462990232605e+30
5.640373285378324e-01 8.458647550329750e+02 3.072759455290805e+13 2.687467372816069e+06 1.877132167667470e+30
5.654872959633794e-01 8.316344602010126e+02 3.004028022235121e+13 2.672311249102209e+06 1.878781772645797e+30
5.669372633889267e-01 8.176241521464603e+02 2.936740995335005e+13 2.657219566625687e+06 1.880411974740370e+30
5.683872308144737e-01 8.038306198021589e+02 2.870869449687067e+13 2.642192019171461e+06 1.882022942730870e+30
5.698371982400210e-01 7.902506970595722e+02 2.806385018168198e+13 2.627228301355276e+06 1.883614844597166e+30
5.712871656655680e-01 7.768812621803670e+02 2.743259881101492e+13 2.612328108636911e+06 1.885187847512893e+30
5.727371330911152e-01 7.637192372143689e+02 2.681466756101245e+13 2.597491137333010e+06 1.886742117839253e+30
5.741871005166623e-01 7.507615874238656e+02 2.620978888094340e+13 2.582717084629544e+06 1.888277821119171e+30
5.756370679422094e-01 7.380053207142337e+02 2.561770039515398e+13 2.568005648593884e+06 1.889795122071654e+30
5.770870353677565e-01 7.254474870708594e+02 2.503814480673055e+13 2.553356528186505e+06 1.891294184586409e+30
5.785370027933037e-01 7.130851780023228e+02 2.447086980284783e+13 2.538769423272328e+06 1.892775171718788e+30
5.799869702188507e-01 7.009155259898148e+02 2.391562796177665e+13 2.524244034631696e+06 1.894238245684857e+30
5.814369376443979e-01 6.889357039427556e+02 2.337217666152600e+13 2.509780063971011e+06 1.895683567856791e+30
5.828869050699450e-01 6.771429246605783e+02 2.284027799009403e+13 2.495377213933016e+06 1.897111298758506e+30
5.843368724954923e-01 6.655344403006457e+02 2.231969865730305e+13 2.481035188106739e+06 1.898521598061502e+30
5.857868399210393e-01 6.541075418522621e+02 2.181020990819390e+13 2.466753691037112e+06 1.899914624580939e+30
5.872368073465863e-01 6.428595586167460e+02 2.131158743795531e+13 2.452532428234261e+06 1.901290536271875e+30
5.886867747721336e-01 6.317878576935213e+02 2.082361130836395e+13 2.438371106182477e+06 1.902649490225857e+30
5.901367421976806e-01 6.208898434721937e+02 2.034606586571137e+13 2.424269432348869e+06 1.903991642667597e+30
5.915867096232278e-01 6.101629571305674e+02 1.987873966019431e+13 2.410227115191722e+06 1.905317148951906e+30
5.930366770487749e-01 5.996046761385667e+02 1.942142536674483e+13 2.396243864168543e+06 1.906626163560884e+30
5.944866444743221e-01 5.892125137680164e+02 1.897391970727727e+13 2.382319389743818e+06 1.907918840101175e+30
5.959366118998692e-01 5.789840186082426e+02 1.853602337432941e+13 2.368453403396473e+06 1.909195331301503e+30
5.973865793254163e-01 5.689167740874500e+02 1.810754095607491e+13 2.354645617627065e+06 1.910455789010420e+30
5.988365467509634e-01 5.590083979998317e+02 1.768828086268526e+13 2.340895745964674e+06 1.911700364194216e+30
6.002865141765106e-01 5.492565420383696e+02 1.727805525401878e+13 2.327203502973546e+06 1.912929206934966e+30
6.017364816020577e-01 5.396588913332791e+02 1.687667996861536e+13 2.313568604259450e+06 1.914142466428799e+30
6.031864490276049e-01 5.302131639960548e+02 1.648397445397521e+13 2.299990766475784e+06 1.915340290984328e+30
6.046364164531519e-01 5.209171106690701e+02 1.609976169810066e+13 2.286469707329417e+06 1.916522828021237e+30
6.060863838786991e-01 5.117685140806872e+02 1.572386816228005e+13 2.273005145586289e+06 1.917690224069073e+30
6.075363513042462e-01 5.027651886058298e+02 1.535612371509301e+13 2.259596801076759e+06 1.918842624766159e+30
6.089863187297934e-01 4.939049798319725e+02 1.499636156761692e+13 2.246244394700703e+06 1.919980174858637e+30
6.104362861553405e-01 4.851857641304996e+02 1.464441820981450e+13 2.232947648432398e+06 1.921103018199720e+30
6.118862535808876e-01 4.766054482333875e+02 1.430013334808247e+13 2.219706285325153e+06 1.922211297749113e+30
6.133362210064347e-01 4.681619688151620e+02 1.396334984394214e+13 2.206520029515720e+06 1.923305155572517e+30
6.147861884319819e-01 4.598532920800839e+02 1.363391365385226e+13 2.193388606228492e+06 1.924384732841249e+30
6.162361558575289e-01 4.516774133545141e+02 1.331167377012550e+13 2.180311741779468e+06 1.925450169832084e+30
6.176861232830760e-01 4.436323566844121e+02 1.299648216292950e+13 2.167289163580015e+06 1.926501605927236e+30
6.191360907086232e-01 4.357161744379174e+02 1.268819372335429e+13 2.154320600140421e+06 1.927539179614400e+30
6.205860581341704e-01 4.279269469129674e+02 1.238666620752763e+13 2.141405781073240e+06 1.928563028486921e+30
6.220360255597175e-01 4.202627819499038e+02 1.209176018176062e+13 2.128544437096438e+06 1.929573289244150e+30
6.234859929852645e-01 4.127218145490170e+02 1.180333896870548e+13 2.115736300036350e+06 1.930570097691907e+30
6.249359604108118e-01 4.053022064929827e+02 1.152126859450852e+13 2.102981102830432e+06 1.931553588742989e+30
6.263859278363588e-01 3.980021459741407e+02 1.124541773694074e+13 2.090278579529837e+06 1.932523896417911e+30
6.278358952619060e-01 3.908198472265676e+02 1.097565767448936e+13 2.077628465301807e+06 1.933481153845685e+30
6.292858626874531e-01 3.837535501628958e+02 1.071186223639355e+13 2.065030496431877e+06 1.934425493264692e+30
6.307358301130003e-01 3.768015200158301e+02 1.045390775360786e+13 2.052484410325915e+06 1.935357046023725e+30
6.321857975385474e-01 3.699620469843127e+02 1.020167301067726e+13 2.039989945511977e+06 1.936275942583094e+30
6.336357649640945e-01 3.632334458842905e+02 9.955039198507836e+12 2.027546841642010e+06 1.937182312515823e+30
6.350857323896416e-01 3.566140558040337e+02 9.713889868017395e+12 2.015154839493373e+06 1.938076284508973e+30
6.365356998151888e-01 3.501022397639608e+02 9.478110884650562e+12 2.002813680970213e+06 1.938957986365043e+30
6.379856672407359e-01 3.436963843809196e+02 9.247590383743164e+12 1.990523109104675e+06 1.939827545003451e+30
6.394356346662831e-01 3.373948995368776e+02 9.022218726720889e+12 1.978282868057959e+06 1.940685086462149e+30
6.408856020918301e-01 3.311962180519741e+02 8.801888458117461e+12 1.966092703121231e+06 1.941530735899319e+30
6.423355695173772e-01 3.250987953618871e+02 8.586494263397856e+12 1.953952360716382e+06 1.942364617595076e+30
6.437855369429244e-01 3.191011091994657e+02 8.375932927572229e+12 1.941861588396645e+06 1.943186854953326e+30
6.452355043684714e-01 3.132016592805838e+02 8.170103294586479e+12 1.929820134847079e+06 1.943997570503692e+30
6.466854717940187e-01 3.073989669941666e+02 7.968906227475631e+12 1.917827749884902e+06 1.944796885903551e+30
6.481354392195657e-01 3.016915750963424e+02 7.772244569266400e+12 1.905884184459701e+06 1.945584921940077e+30
6.495854066451130e-01 2.960780474086758e+02 7.580023104615532e+12 1.893989190653510e+06 1.946361798532330e+30
6.510353740706600e-01 2.905569685204340e+02 7.392148522170719e+12 1.882142521680755e+06 1.947127634733566e+30
6.524853414962071e-01 2.851269434948408e+02 7.208529377641117e+12 1.870343931888078e+06 1.947882548733513e+30
6.539353089217542e-01 2.797865975792733e+02 7.029076057564713e+12 1.858593176754041e+06 1.948626657860669e+30
6.553852763473014e-01 2.745345759193554e+02 6.853700743759945e+12 1.846890012888704e+06 1.949360078584748e+30
6.568352437728485e-01 2.693695432769018e+02 6.682317378449258e+12 1.835234198033096e+06 1.950082926519193e+30
6.582852111983957e-01 2.642901837516705e+02 6.514841630042408e+12 1.823625491058565e+06 1.950795316423636e+30
6.597351786239427e-01 2.592952005068764e+02 6.351190859567594e+12 1.812063651966022e+06 1.951497362206536e+30
6.611851460494900e-01 2.543833154984231e+02 6.191284087738622e+12 1.800548441885075e+06 1.952189176927872e+30
6.626351134750370e-01 2.495532692078082e+02 6.035041962646582e+12 1.789079623073055e+06 1.952870872801785e+30
6.640850809005842e-01 2.448038203786599e+02 5.882386728064637e+12 1.777656958913948e+06 1.953542561199365e+30
6.655350483261313e-01 2.401337457568590e+02 5.733242192354757e+12 1.766280213917217e+06 1.954204352651491e+30
6.669850157516783e-01 2.355418398342065e+02 5.587533697965410e+12 1.754949153716528e+06 1.954856356851663e+30
6.684349831772256e-01 2.310269145955903e+02 5.445188091509404e+12 1.743663545068391e+06 1.955498682658886e+30
6.698849506027726e-01 2.265877992696124e+02 5.306133694411242e+12 1.732423155850689e+06 1.956131438100653e+30
6.713349180283197e-01 2.222233400826317e+02 5.170300274113561e+12 1.721227755061136e+06 1.956754730375928e+30
6.727848854538669e-01 2.179324000161818e+02 5.037619015832372e+12 1.710077112815634e+06 1.957368665858178e+30
6.742348528794141e-01 2.137138585677225e+02 4.908022494851029e+12 1.698971000346549e+06 1.957973350098512e+30
6.756848203049612e-01 2.095666115146841e+02 4.781444649342986e+12 1.687909190000901e+06 1.958568887828719e+30
6.771347877305083e-01 2.054895706817621e+02 4.657820753713602e+12 1.676891455238477e+06 1.959155382964412e+30
6.785847551560554e-01 2.014816637114252e+02 4.537087392451410e+12 1.665917570629857e+06 1.959732938608307e+30
6.800347225816026e-01 1.975418338375927e+02 4.419182434479434e+12 1.654987311854368e+06 1.960301657053388e+30
6.814846900071496e-01 1.936690396624448e+02 4.304045007997290e+12 1.644100455697962e+06 1.960861639786161e+30
6.829346574326968e-01 1.898622549363249e+02 4.191615475804989e+12 1.633256780051022e+06 1.961412987489981e+30
6.843846248582439e-01 1.861204683406957e+02 4.081835411099494e+12 1.622456063906090e+06 1.961955800048343e+30
6.858345922837912e-01 1.824426832741089e+02 3.974647573735256e+12 1.611698087355534e+06 1.962490176548248e+30
6.872845597093382e-01 1.788279176411532e+02 3.869995886940097e+12 1.600982631589145e+06 1.963016215283548e+30
6.887345271348853e-01 1.752752036443398e+02 3.767825414477967e+12 1.590309478891664e+06 1.963534013758389e+30
6.901844945604324e-01 1.717835875788893e+02 3.668082338250244e+12 1.579678412640251e+06 1.964043668690608e+30
6.916344619859796e-01 1.683521296303833e+02 3.570713936327395e+12 1.569089217301887e+06 1.964545276015161e+30
6.930844294115267e-01 1.649799036752424e+02 3.475668561402957e+12 1.558541678430724e+06 1.965038930887666e+30
6.945343968370739e-01 1.616659970839955e+02 3.382895619661947e+12 1.548035582665367e+06 1.965524727687863e+30
6.959843642626209e-01 1.584095105273038e+02 3.292345550055943e+12 1.537570717726101e+06 1.966002760023138e+30
6.974343316881680e-01 1.552095577847037e+02 3.203969803977217e+12 1.527146872412071e+06 1.966473120732047e+30
6.988842991137152e-01 1.520652655560338e+02 3.117720825324433e+12 1.516763836598401e+06 1.966935901887874e+30
7.003342665392623e-01 1.489757732755104e+02 3.033552030952572e+12 1.506421401233261e+06 1.967391194802206e+30
7.017842339648095e-01 1.459402329284169e+02 2.951417791499848e+12 1.496119358334885e+06 1.967839090028497e+30
7.032342013903565e-01 1.429578088703739e+02 2.871273412584538e+12 1.485857500988547e+06 1.968279677365674e+30
7.046841688159038e-01 1.400276776491544e+02 2.793075116364761e+12 1.475635623343477e+06 1.968713045861793e+30
7.061341362414508e-01 1.371490278290120e+02 2.716780023454359e+12 1.465453520609740e+06 1.969139283817617e+30
7.075841036669979e-01 1.343210598174883e+02 2.642346135188183e+12 1.455310989055072e+06 1.969558478790280e+30
7.090340710925451e-01 1.315429856946668e+02 2.569732316230169e+12 1.445207826001667e+06 1.969970717596962e+30
7.104840385180923e-01 1.288140290448409e+02 2.498898277517750e+12 1.435143829822924e+06 1.970376086318496e+30
7.119340059436394e-01 1.261334247905638e+02 2.429804559536228e+12 1.425118799940159e+06 1.970774670303080e+30
7.133839733691865e-01 1.235004190290484e+02 2.362412515916875e+12 1.415132536819271e+06 1.971166554169948e+30
7.148339407947336e-01 1.209142688708866e+02 2.296684297352637e+12 1.405184841967377e+06 1.971551821813031e+30
7.162839082202808e-01 1.183742422810557e+02 2.232582835825398e+12 1.395275517929406e+06 1.971930556404705e+30
7.177338756458278e-01 1.158796179221824e+02 2.170071829138938e+12 1.385404368284662e+06 1.972302840399445e+30
7.191838430713750e-01 1.134296850000334e+02 2.109115725751739e+12 1.375571197643347e+06 1.972668755537537e+30
7.206338104969221e-01 1.110237431112027e+02 2.049679709903979e+12 1.365775811643062e+06 1.973028382848811e+30
7.220837779224694e-01 1.086611020929660e+02 1.991729687033104e+12 1.356018016945266e+06 1.973381802656353e+30
7.235337453480164e-01 1.063410818752731e+02 1.935232269472498e+12 1.346297621231710e+06 1.973729094580197e+30
7.249837127735634e-01 1.040630123348488e+02 1.880154762427857e+12 1.336614433200844e+06 1.974070337541045e+30
7.264336801991106e-01 1.018262331513747e+02 1.826465150225990e+12 1.326968262564191e+06 1.974405609764020e+30
7.278836476246577e-01 9.963009366572186e+01 1.774132082830837e+12 1.317358920042697e+06 1.974734988782370e+30
7.293336150502049e-01 9.747395274020874e+01 1.723124862621632e+12 1.307786217363057e+06 1.975058551441188e+30
7.307835824757520e-01 9.535717862085428e+01 1.673413431428185e+12 1.298249967254012e+06 1.975376373901135e+30
7.322335499012991e-01 9.327914880160083e+01 1.624968357818392e+12 1.288749983442627e+06 1.975688531642157e+30
7.336835173268462e-01 9.123924989047885e+01 1.577760824633143e+12 1.279286080650544e+06 1.975995099467226e+30
7.351334847523934e-01 8.923687747768716e+01 1.531762616763906e+12 1.269858074590209e+06 1.976296151506049e+30
7.365834521779405e-01 8.727143600556238e+01 1.486946109168344e+12 1.260465781961089e+06 1.976591761218769e+30
7.380334196034877e-01 8.534233864041127e+01 1.443284255119397e+12 1.251109020445860e+06 1.976882001399699e+30
7.394833870290347e-01 8.344900714618089e+01 1.400750574683384e+12 1.241787608706579e+06 1.977166944181009e+30
7.409333544545820e-01 8.159087175994053e+01 1.359319143422710e+12 1.232501366380838e+06 1.977446661036460e+30
7.423833218801290e-01 7.976737106915087e+01 1.318964581318886e+12 1.223250114077902e+06 1.977721222785087e+30
7.438332893056760e-01 7.797795189069545e+01 1.279662041911638e+12 1.214033673374830e+06 1.977990699594885e+30
7.452832567312233e-01 7.622206915164986e+01 1.241387201649950e+12 1.204851866812581e+06 1.978255160986511e+30
7.467332241567703e-01 7.449918577176484e+01 1.204116249450978e+12 1.195704517892102e+06 1.978514675836967e+30
7.481831915823176e-01 7.280877254763922e+01 1.167825876462835e+12 1.186591451070408e+06 1.978769312383287e+30
7.496331590078646e-01 7.115030803855920e+01 1.132493266027339e+12 1.177512491756649e+06 1.979019138226187e+30
7.510831264334118e-01 6.952327845398088e+01 1.098096083838866e+12 1.168467466308154e+06 1.979264220333732e+30
7.525330938589589e-01 6.792717754263296e+01 1.064612468295548e+12 1.159456202026482e+06 1.979504625045000e+30
7.539830612845060e-01 6.636150648321704e+01 1.032021021039100e+12 1.150478527153443e+06 1.979740418073734e+30
7.554330287100531e-01 6.482577377668309e+01 1.000300797679661e+12 1.141534270867125e+06 1.979971664511977e+30
7.568829961356003e-01 6.331949514005817e+01 9.694312987020659e+11 1.132623263277901e+06 1.980198428833682e+30
7.583329635611474e-01 6.184219340180641e+01 9.393924605500625e+11 1.123745335424433e+06 1.980420774898344e+30
7.597829309866946e-01 6.039339839869895e+01 9.101646468850452e+11 1.114900319269665e+06 1.980638765954609e+30
7.612328984122416e-01 5.897264687417245e+01 8.817286400159277e+11 1.106088047696813e+06 1.980852464643892e+30
7.626828658377888e-01 5.757948237815529e+01 8.540656324968625e+11 1.097308354505346e+06 1.981061933003968e+30
7.641328332633359e-01 5.621345516834079e+01 8.271572188895598e+11 1.088561074406954e+06 1.981267232472510e+30
7.655828006888831e-01 5.487412211288708e+01 8.009853876870327e+11 1.079846043021528e+06 1.981468423890681e+30
7.670327681144302e-01 5.356104659452328e+01 7.755325133956431e+11 1.071163096873116e+06 1.981665567506725e+30
7.684827355399773e-01 5.227379841604237e+01 7.507813487723943e+11 1.062512073385888e+06 1.981858722979465e+30
7.699327029655244e-01 5.101195370716104e+01 7.267150172144664e+11 1.053892810880094e+06 1.982047949381855e+30
7.713826703910716e-01 4.977509483272701e+01 7.033170052980472e+11 1.045305148568013e+06 1.982233305204513e+30
7.728326378166186e-01 4.856281030225491e+01 6.805711554635742e+11 1.036748926549911e+06 1.982414848359188e+30
7.742826052421657e-01 4.737469468077191e+01 6.584616588445497e+11 1.028223985809987e+06 1.982592636182315e+30
7.757325726677129e-01 4.621034850095415e+01 6.369730482371506e+11 1.019730168212322e+06 1.982766725438495e+30
7.771825400932602e-01 4.506937817653613e+01 6.160901912079067e+11 1.011267316496825e+06 1.982937172323913e+30
7.786325075188072e-01 4.395139591697450e+01 5.957982833367695e+11 1.002835274275186e+06 1.983104032469828e+30
7.800824749443542e-01 4.285601964334869e+01 5.760828415929490e+11 9.944338860268146e+05 1.983267360946022e+30
7.815324423699015e-01 4.178287290548055e+01 5.569296978409441e+11 9.860629970947956e+05 1.983427212264233e+30
7.829824097954485e-01 4.073158480025576e+01 5.383249924742404e+11 9.777224536818331e+05 1.983583640381561e+30
7.844323772209957e-01 3.970178989112982e+01 5.202551681741995e+11 9.694121028462030e+05 1.983736698703869e+30
7.858823446465428e-01 3.869312812880158e+01 5.027069637917096e+11 9.611317924977044e+05 1.983886440089193e+30
7.873323120720900e-01 3.770524477303783e+01 4.856674083492141e+11 9.528813713936147e+05 1.984032916851088e+30
7.887822794976371e-01 3.673779031563231e+01 4.691238151607803e+11 9.446606891346469e+05 1.984176180762009e+30
7.902322469231842e-01 3.579042040448293e+01 4.530637760679167e+11 9.364695961609108e+05 1.984316283056642e+30
7.916822143487313e-01 3.486279576877131e+01 4.374751557888877e+11 9.283079437478762e+05 1.984453274435234e+30
7.931321817742785e-01 3.395458214522860e+01 4.223460863793213e+11 9.201755840023421e+05 1.984587205066940e+30
7.945821491998256e-01 3.306545020547225e+01 4.076649618019462e+11 9.120723698584093e+05 1.984718124593066e+30
7.960321166253728e-01 3.219507548439815e+01 3.934204326033348e+11 9.039981550734569e+05 1.984846082130380e+30
7.974820840509198e-01 3.134313830961308e+01 3.796014006955725e+11 8.959527942241258e+05 1.984971126274426e+30
7.989320514764668e-01 3.050932373189256e+01 3.661970142408099e+11 8.879361427023057e+05 1.985093305102709e+30
8.003820189020141e-01 2.969332145664919e+01 3.531966626366980e+11 8.799480567111296e+05 1.985212666177941e+30
8.018319863275613e-01 2.889482577639710e+01 3.405899716007395e+11 8.719883932609729e+05 1.985329256551305e+30
8.032819537531084e-01 2.811353550419810e+01 3.283667983516337e+11 8.640570101654599e+05 1.985443122765629e+30
8.047319211786554e-01 2.734915390807538e+01 3.165172268857228e+11 8.561537660374771e+05 1.985554310858607e+30
8.061818886042026e-01 2.660138864638075e+01 3.050315633466896e+11 8.482785202851922e+05 1.985662866365924e+30
8.076318560297497e-01 2.586995170410188e+01 2.939003314866877e+11 8.404311331080827e+05 1.985768834324445e+30
8.090818234552968e-01 2.515455933009567e+01 2.831142682171239e+11 8.326114654929705e+05 1.985872259275351e+30
8.105317908808439e-01 2.445493197523465e+01 2.726643192473428e+11 8.248193792100650e+05 1.985973185267251e+30
8.119817583063911e-01 2.377079423145303e+01 2.625416348095029e+11 8.170547368090138e+05 1.986071655859302e+30
8.134317257319383e-01 2.310187477167949e+01 2.527375654679608e+11 8.093174016149627e+05 1.986167714124334e+30
8.148816931574854e-01 2.244790629064385e+01 2.432436580115154e+11 8.016072377246245e+05 1.986261402651886e+30
8.163316605830324e-01 2.180862544654506e+01 2.340516514268970e+11 7.939241100023555e+05 1.986352763551229e+30
8.177816280085797e-01 2.118377280356786e+01 2.251534729519140e+11 7.862678840762430e+05 1.986441838454481e+30
8.192315954341267e-01 2.057309277523602e+01 2.165412342067037e+11 7.786384263342007e+05 1.986528668519630e+30
8.206815628596739e-01 1.997633356858995e+01 2.082072274015616e+11 7.710356039200743e+05 1.986613294433476e+30
8.221315302852210e-01 1.939324712917668e+01 2.001439216198544e+11 7.634592847297585e+05 1.986695756414659e+30
8.235814977107682e-01 1.882358908684055e+01 1.923439591745507e+11 7.559093374073211e+05 1.986776094216664e+30
8.250314651363153e-01 1.826711870230288e+01 1.848001520369299e+11 7.483856313411403e+05 1.986854347130741e+30
8.264814325618624e-01 1.772359881451929e+01 1.775054783360616e+11 7.408880366600509e+05 1.986930553988856e+30
8.279313999874095e-01 1.719279578880326e+01 1.704530789276696e+11 7.334164242295020e+05 1.987004753166621e+30
8.293813674129566e-01 1.667447946570487e+01 1.636362540310269e+11 7.259706656477256e+05 1.987076982586196e+30
8.308313348385038e-01 1.616842311063377e+01 1.570484599325509e+11 7.185506332419151e+05 1.987147279719178e+30
8.322813022640509e-01 1.567440336421552e+01 1.506833057547943e+11 7.111562000644179e+05 1.987215681589468e+30
8.337312696895980e-01 1.519220019337065e+01 1.445345502895537e+11 7.037872398889358e+05 1.987282224776145e+30
8.351812371151450e-01 1.472159684310593e+01 1.385960988938409e+11 6.964436272067409e+05 1.987346945416291e+30
8.366312045406923e-01 1.426237978900752e+01 1.328620004474888e+11 6.891252372228994e+05 1.987409879207825e+30
8.380811719662394e-01 1.381433869042576e+01 1.273264443711836e+11 6.818319458525109e+05 1.987471061412322e+30
8.395311393917866e-01 1.337726634434152e+01 1.219837577037437e+11 6.745636297169577e+05 1.987530526857757e+30
8.409811068173336e-01 1.295095863990424e+01 1.168284022374833e+11 6.673201661401666e+05 1.987588309941306e+30
8.424310742428808e-01 1.253521451363181e+01 1.118549717105253e+11 6.601014331448844e+05 1.987644444632090e+30
8.438810416684279e-01 1.212983590526274e+01 1.070581890549478e+11 6.529073094489637e+05 1.987698964473936e+30
8.453310090939750e-01 1.173462771425100e+01 1.024329036996711e+11 6.457376744616644e+05 1.987751902588075e+30
8.467809765195221e-01 1.134939775689430e+01 9.797408892701294e+10 6.385924082799644e+05 1.987803291675836e+30
8.482309439450693e-01 1.097395672408641e+01 9.367683928186166e+10 6.314713916848865e+05 1.987853164021359e+30
8.496809113706165e-01 1.060811813968465e+01 8.953636803243518e+10 6.243745061378368e+05 1.987901551494254e+30
8.511308787961636e-01 1.025169831948330e+01 8.554800468161589e+10 6.173016337769558e+05 1.987948485552250e+30
8.525808462217106e-01 9.904516330784332e+00 8.170719252787022e+10 6.102526574134839e+05 1.987993997243842e+30
8.540308136472579e-01 9.566393952556666e+00 7.800948627478099e+10 6.032274605281401e+05 1.988038117210901e+30
8.554807810728049e-01 9.237155636175281e+00 7.445054968823953e+10 5.962259272675130e+05 1.988080875691271e+30
8.569307484983520e-01 8.916628466731851e+00 7.102615330036339e+10 5.892479424404670e+05 1.988122302521372e+30
8.583807159238992e-01 8.604642124908477e+00 6.773217215922321e+10 5.822933915145611e+05 1.988162427138748e+30
8.598306833494462e-01 8.301028849406341e+00 6.456458362348059e+10 5.753621606124822e+05 1.988201278584634e+30
8.612806507749935e-01 8.005623399921133e+00 6.151946520105585e+10 5.684541365084912e+05 1.988238885506487e+30
8.627306182005405e-01 7.718263020657312e+00 5.859299243096220e+10 5.615692066248842e+05 1.988275276160507e+30
8.641805856260877e-01 7.438787404373305e+00 5.578143680745908e+10 5.547072590284664e+05 1.988310478414145e+30
8.656305530516348e-01 7.167038656949897e+00 5.308116374569460e+10 5.478681824270420e+05 1.988344519748565e+30
8.670805204771820e-01 6.902861262474159e+00 5.048863058802254e+10 5.410518661659160e+05 1.988377427261147e+30
8.685304879027291e-01 6.646102048831395e+00 4.800038465019568e+10 5.342582002244119e+05 1.988409227667908e+30
8.699804553282762e-01 6.396610153797675e+00 4.561306130665256e+10 5.274870752124025e+05 1.988439947305970e+30
8.714304227538233e-01 6.154236991625638e+00 4.332338211413014e+10 5.207383823668563e+05 1.988469612135961e+30
8.728803901793705e-01 5.918836220116353e+00 4.112815297284970e+10 5.140120135483971e+05 1.988498247744426e+30
8.743303576049175e-01 5.690263708170153e+00 3.902426232453807e+10 5.073078612378786e+05 1.988525879346214e+30
8.757803250304647e-01 5.468377503809407e+00 3.700867938656067e+10 5.006258185329733e+05 1.988552531786844e+30
8.772302924560118e-01 5.253037802666347e+00 3.507845242145679e+10 4.939657791447765e+05 1.988578229544854e+30
8.786802598815590e-01 5.044106916929170e+00 3.323070704118161e+10 4.873276373944242e+05 1.988602996734163e+30
8.801302273071061e-01 4.841449244739669e+00 3.146264454537291e+10 4.807112882097257e+05 1.988626857106386e+30
8.815801947326531e-01 4.644931240035828e+00 2.977154029297359e+10 4.741166271218113e+05 1.988649834053124e+30
8.830301621582003e-01 4.454421382832857e+00 2.815474210655459e+10 4.675435502617945e+05 1.988671950608293e+30
8.844801295837474e-01 4.269790149936259e+00 2.660966870869490e+10 4.609919543574487e+05 1.988693229450367e+30
8.859300970092946e-01 4.090909986080615e+00 2.513380818978878e+10 4.544617367298990e+05 1.988713692904648e+30
8.873800644348417e-01 3.917655275487839e+00 2.372471650666173e+10 4.479527952903287e+05 1.988733362945507e+30
8.888300318603888e-01 3.749902313838799e+00 2.238001601138939e+10 4.414650285367004e+05 1.988752261198630e+30
8.902799992859359e-01 3.587529280652235e+00 2.109739400972532e+10 4.349983355504925e+05 1.988770408943216e+30
8.917299667114831e-01 3.430416212065018e+00 1.987460134855484e+10 4.285526159934498e+05 1.988787827114174e+30
8.931799341370302e-01 3.278444974007894e+00 1.870945103180396e+10 4.221277701043496e+05 1.988804536304311e+30
8.946299015625774e-01 3.131499235770906e+00 1.759981686424326e+10 4.157236986957827e+05 1.988820556766517e+30
8.960798689881244e-01 2.989464443952808e+00 1.654363212263767e+10 4.093403031509485e+05 1.988835908415884e+30
8.975298364136717e-01 2.852227796788858e+00 1.553888825370375e+10 4.029774854204663e+05 1.988850610831863e+30
8.989798038392187e-01 2.719678218851438e+00 1.458363359834660e+10 3.966351480192006e+05 1.988864683260387e+30
9.004297712647658e-01 2.591706336118061e+00 1.367597214165887e+10 3.903131940231016e+05 1.988878144615954e+30
9.018797386903130e-01 2.468204451401383e+00 1.281406228817445e+10 3.840115270660606e+05 1.988891013483761e+30
9.033297061158602e-01 2.349066520135931e+00 1.199611566187928e+10 3.777300513367807e+05 1.988903308121757e+30
9.047796735414073e-01 2.234188126516321e+00 1.122039593049152e+10 3.714686715756620e+05 1.988915046462697e+30
9.062296409669544e-01 2.123466459981838e+00 1.048521765353276e+10 3.652272930717018e+05 1.988926246116209e+30
9.076796083925015e-01 2.016800292042289e+00 9.788945153721376e+09 3.590058216594103e+05 1.988936924370811e+30
9.091295758180487e-01 1.914089953440166e+00 9.129991411228266e+09 3.528041637157403e+05 1.988947098195943e+30
9.105795432435957e-01 1.815237311644175e+00 8.506816980344211e+09 3.466222261570331e+05 1.988956784243959e+30
9.120295106691428e-01 1.720145748669298e+00 7.917928928116855e+09 3.404599164359780e+05 1.988965998852128e+30
9.134794780946900e-01 1.628720139218614e+00 7.361879794524019e+09 3.343171425385874e+05 1.988974758044599e+30
9.149294455202371e-01 1.540866829142158e+00 6.837266573758478e+09 3.281938129811874e+05 1.988983077534371e+30
9.163794129457843e-01 1.456493614208205e+00 6.342729716207654e+09 3.220898368074218e+05 1.988990972725242e+30
9.178293803713313e-01 1.375509719182390e+00 5.876952150719833e+09 3.160051235852723e+05 1.988998458713731e+30
9.192793477968785e-01 1.297825777210178e+00 5.438658326756487e+09 3.099395834040935e+05 1.989005550290999e+30
9.207293152224256e-01 1.223353809498235e+00 5.026613276038101e+09 3.038931268716617e+05 1.989012261944762e+30
9.221792826479728e-01 1.152007205290347e+00 4.639621693298613e+09 2.978656651112398e+05 1.989018607861183e+30
9.236292500735199e-01 1.083700702133560e+00 4.276527035771067e+09 2.918571097586559e+05 1.989024601926737e+30
9.250792174990670e-01 1.018350366430321e+00 3.936210641034506e+09 2.858673729593980e+05 1.989030257730074e+30
9.265291849246141e-01 9.558735742724247e-01 3.617590862859300e+09 2.798963673657221e+05 1.989035588563894e+30
9.279791523501613e-01 8.961889925526527e-01 3.319622224695281e+09 2.739440061337760e+05 1.989040607426763e+30
9.294291197757084e-01 8.392165603500448e-01 3.041294590453949e+09 2.680102029207375e+05 1.989045327024929e+30
9.308790872012556e-01 7.848774705848079e-01 2.781632352242871e+09 2.620948718819672e+05 1.989049759774165e+30
9.323290546268026e-01 7.330941519389200e-01 2.539693634717062e+09 2.561979276681764e+05 1.989053917801530e+30
9.337790220523499e-01 6.837902510385478e-01 2.314569515718727e+09 2.503192854226088e+05 1.989057812947167e+30
9.352289894778969e-01 6.368906148944538e-01 2.105383262883124e+09 2.444588607782382e+05 1.989061456766087e+30
9.366789569034439e-01 5.923212735966248e-01 1.911289585894660e+09 2.386165698549789e+05 1.989064860529908e+30
9.381289243289912e-01 5.500094232594098e-01 1.731473904083495e+09 2.327923292569128e+05 1.989068035228591e+30
9.395788917545383e-01 5.098834092135062e-01 1.565151629058977e+09 2.269860560695293e+05 1.989070991572206e+30
9.410288591800855e-01 4.718727094411925e-01 1.411567462082199e+09 2.211976678569803e+05 1.989073739992625e+30
9.424788266056325e-01 4.359079182512566e-01 1.269994705885771e+09 2.154270826593500e+05 1.989076290645237e+30
9.439287940311797e-01 4.019207301901172e-01 1.139734590654643e+09 2.096742189899387e+05 1.989078653410637e+30
9.453787614567268e-01 3.698439241856950e-01 1.020115613887381e+09 2.039389958325609e+05 1.989080837896314e+30
9.468287288822739e-01 3.396113479206334e-01 9.104928938628237e+08 1.982213326388583e+05 1.989082853438323e+30
9.482786963078210e-01 3.111579024315242e-01 8.102475364423999e+08 1.925211493256263e+05 1.989084709102932e+30
9.497286637333682e-01 2.844195269308396e-01 7.187860149437056e+08 1.868383662721555e+05 1.989086413688262e+30
9.511786311589153e-01 2.593331838483213e-01 6.355395628260763e+08 1.811729043175871e+05 1.989087975725942e+30
9.526285985844625e-01 2.358368440886259e-01 5.599635789339938e+08 1.755246847582826e+05 1.989089403482713e+30
9.540785660100095e-01 2.138694725020735e-01 4.915370450491325e+08 1.698936293452074e+05 1.989090704962037e+30
9.555285334355567e-01 1.933710135653898e-01 4.297619555067301e+08 1.642796602813287e+05 1.989091887905700e+30
9.569785008611038e-01 1.742823772693812e-01 3.741627586367537e+08 1.586827002190276e+05 1.989092959795392e+30
9.584284682866510e-01 1.565454252105265e-01 3.242858097950224e+08 1.531026722575250e+05 1.989093927854283e+30
9.598784357121981e-01 1.401029568835113e-01 2.796988357540458e+08 1.475394999403214e+05 1.989094799048583e+30
9.613284031377451e-01 1.248986961717781e-01 2.399904102278490e+08 1.419931072526509e+05 1.989095580089097e+30
9.627783705632923e-01 1.108772780332051e-01 2.047694403094737e+08 1.364634186189490e+05 1.989096277432752e+30
9.642283379888394e-01 9.798423537807213e-02 1.736646636041818e+08 1.309503589003339e+05 1.989096897284136e+30
9.656783054143866e-01 8.616598613651144e-02 1.463241558456374e+08 1.254538533921024e+05 1.989097445597013e+30
9.671282728399337e-01 7.536982051268411e-02 1.224148487865104e+08 1.199738278212384e+05 1.989097928075819e+30
9.685782402654808e-01 6.554388842296228e-02 1.016220581590302e+08 1.145102083439362e+05 1.989098350177165e+30
9.700282076910280e-01 5.663718711543834e-02 8.364902150502625e+07 1.090629215431367e+05 1.989098717111320e+30
9.714781751165751e-01 4.859954896812106e-02 6.821644567891623e+07 1.036318944260777e+05 1.989099033843671e+30
9.729281425421221e-01 4.138162946321770e-02 5.506206383095828e+07 9.821705442185709e+04 1.989099305096196e+30
9.743781099676694e-01 3.493489533493954e-02 4.394020168185554e+07 9.281832937901054e+04 1.989099535348920e+30
9.758280773932164e-01 2.921161288830568e-02 3.462135290350625e+07 8.743564756310156e+04 1.989099728841334e+30
9.772780448187636e-01 2.416483648645746e-02 2.689176342432090e+07 8.206893765432577e+04 1.989099889573838e+30
9.787280122443107e-01 1.974839720403227e-02 2.055302448108769e+07 7.671812874512808e+04 1.989100021309155e+30
9.801779796698579e-01 1.591689164418161e-02 1.542167424285649e+07 7.138315033783334e+04 1.989100127573745e+30
9.816279470954050e-01 1.262567091685371e-02 1.132880783573318e+07 6.606393234229015e+04 1.989100211659196e+30
9.830779145209521e-01 9.830829775996419e-03 8.119695600830385e+06 6.076040507352799e+04 1.989100276623615e+30
9.845278819464992e-01 7.489195913369945e-03 5.653409420909796e+06 5.547249924942731e+04 1.989100325293002e+30
9.859778493720464e-01 5.558319406693595e-03 3.802456954475848e+06 5.020014598840287e+04 1.989100360262621e+30
9.874278167975934e-01 3.996462319883747e-03 2.452423619242290e+06 4.494327680710004e+04 1.989100383898355e+30
9.888777842231407e-01 2.762588453173499e-03 1.501622169993176e+06 3.970182361810403e+04 1.989100398338055e+30
9.903277516486877e-01 1.816353240936788e-03 8.607497188992358e+05 3.447571872766219e+04 1.989100405492876e+30
9.917777190742347e-01 1.118093795071907e-03 4.525520493306516e+05 2.926489483341902e+04 1.989100407048601e+30
9.932276864997820e-01 6.288190918307749e-04 2.114950771291562e+05 2.406928502216412e+04 1.989100404466968e+30
9.946776539253291e-01 3.102003000114820e-04 8.344331616717819e+04 1.888882276759284e+04 1.989100398986971e+30
9.961276213508763e-01 1.245612484621732e-04 2.534520783063465e+04 1.372344192807969e+04 1.989100391626156e+30
9.975775887764233e-01 3.486903087453558e-05 4.925176815984993e+03 8.573076744464299e+03 1.989100383181924e+30
9.990275562019705e-01 4.724745874843485e-06 3.822783324022871e+02 3.437661837850126e+03 1.989100374232795e+30
1.000477523627518e+00 -1.645629550207369e-06 9.530444742295985e+01 -1.682867792584415e+03 1.989100365139687e+30
