0.000000 -0.000000
1.000000 -0.000000
2.000000 2048074.713439
3.000000 -373769.273417
4.000000 -54195.325237
5.000000 -0.001875
6.000000 4653288.794045
7.000000 -3407296374696030.000000
8.000000 -0.000000
9.000000 -0.000000
10.000000 -541.953271
11.000000 -162585.981338
12.000000 -33350.970531
13.000000 -37936.728979
14.000000 -107799925159559720000000000000000000.000000
15.000000 -37693283569390.719000
16.000000 -0.000000
17.000000 -0.000000
18.000000 -0.000000
19.000000 -0.000000
20.000000 -0.000000
21.000000 -0.000000
22.000000 -0.000000
23.000000 -0.000000
24.000000 -0.000000
25.000000 -0.000000
26.000000 -0.000000
27.000000 -0.000000
28.000000 -0.000000
29.000000 -0.000000
30.000000 -0.000000
31.000000 -0.000000
32.000000 -0.000000
33.000000 -0.000000
34.000000 -0.000000
35.000000 -0.000000
36.000000 -0.000000
37.000000 -0.000000
38.000000 -0.000000
39.000000 -0.000000
40.000000 -0.000000
41.000000 -0.000000
42.000000 -0.000000
43.000000 -0.000000
44.000000 -0.000000
45.000000 -0.000000
46.000000 -0.000000
47.000000 -0.000000
48.000000 -0.000000
49.000000 -0.000000
50.000000 -0.000000
51.000000 -0.000000
52.000000 -0.000000
53.000000 -0.000000
54.000000 -0.000000
55.000000 -0.000000
56.000000 -0.000000
57.000000 -0.000000
58.000000 -0.000000
59.000000 -0.000000
60.000000 -0.000000
61.000000 -0.000000
62.000000 -0.000000
63.000000 -0.000000
64.000000 -0.000000
65.000000 -0.000000
66.000000 -0.000000
67.000000 -0.000000
68.000000 -0.000000
69.000000 -0.000000
70.000000 -0.000000
71.000000 -0.000000
72.000000 -0.000000
73.000000 -0.000000
74.000000 -0.000000
75.000000 -0.000000
76.000000 -0.000000
0.000000 -0.000000
1.000000 -0.000000
2.000000 2048074.713439
3.000000 -373769.273417
4.000000 -54195.325237
5.000000 -0.001875
6.000000 4653288.794045
7.000000 -3407296374696030.000000
8.000000 -0.000000
9.000000 -0.000000
10.000000 -541.953271
11.000000 -162585.981338
12.000000 -33350.970531
13.000000 -37936.728979
14.000000 -107799925159559720000000000000000000.000000
15.000000 -37693283569390.719000
16.000000 -0.000000
17.000000 -0.000000
18.000000 -0.000000
19.000000 -0.000000
20.000000 -0.000000
21.000000 -0.000000
22.000000 -0.000000
23.000000 -0.000000
24.000000 -0.000000
25.000000 -0.000000
26.000000 -0.000000
27.000000 -0.000000
28.000000 -0.000000
29.000000 -0.000000
30.000000 -0.000000
31.000000 -0.000000
32.000000 -0.000000
33.000000 -0.000000
34.000000 -0.000000
35.000000 -0.000000
36.000000 -0.000000
37.000000 -0.000000
38.000000 -0.000000
39.000000 -0.000000
40.000000 -0.000000
41.000000 -0.000000
42.000000 -0.000000
43.000000 -0.000000
44.000000 -0.000000
45.000000 -0.000000
46.000000 -0.000000
47.000000 -0.000000
48.000000 -0.000000
49.000000 -0.000000
50.000000 -0.000000
51.000000 -0.000000
52.000000 -0.000000
53.000000 -0.000000
54.000000 -0.000000
55.000000 -0.000000
56.000000 -0.000000
57.000000 -0.000000
58.000000 -0.000000
59.000000 -0.000000
60.000000 -0.000000
61.000000 -0.000000
62.000000 -0.000000
63.000000 -0.000000
64.000000 -0.000000
65.000000 -0.000000
66.000000 -0.000000
67.000000 -0.000000
68.000000 -0.000000
69.000000 -0.000000
70.000000 -0.000000
71.000000 -0.000000
72.000000 -0.000000
73.000000 -0.000000
74.000000 -0.000000
75.000000 -0.000000
76.000000 -0.000000
0.000000 -54195.327113
1.000000 -54195.327113
2.000000 -54193.972229
3.000000 -54192.617448
4.000000 -54189.230722
5.000000 -54183.963217
6.000000 -54176.853525
7.000000 -54167.917988
8.000000 -54157.165747
9.000000 -54144.603041
10.000000 -54130.234821
11.000000 -54114.065460
12.000000 -54096.099119
13.000000 -54076.339931
14.000000 -54054.792123
15.000000 -54031.460076
16.000000 -54006.348376
17.000000 -53979.461834
18.000000 -53950.805514
19.000000 -53920.384738
20.000000 -53888.205096
21.000000 -53854.272455
22.000000 -53818.592957
23.000000 -53781.173023
24.000000 -53742.019357
25.000000 -53701.138939
26.000000 -53658.539029
27.000000 -53614.227166
28.000000 -53568.211162
29.000000 -53520.499104
30.000000 -53471.099347
31.000000 -53420.020517
32.000000 -53367.271502
33.000000 -53312.861453
34.000000 -53256.799779
35.000000 -53199.096142
36.000000 -53139.760457
37.000000 -53078.802883
38.000000 -53016.233823
39.000000 -52952.063919
40.000000 -52886.304047
41.000000 -52818.965313
42.000000 -52750.059049
43.000000 -52679.596808
44.000000 -52607.590359
45.000000 -52534.051683
46.000000 -52458.992969
47.000000 -52382.426607
48.000000 -52304.365186
49.000000 -52224.821486
50.000000 -52143.808476
51.000000 -52061.339306
52.000000 -51977.427305
53.000000 -51892.085975
54.000000 -51805.328983
55.000000 -51717.170160
56.000000 -51627.623494
57.000000 -51536.703124
58.000000 -51444.423335
59.000000 -51350.798555
60.000000 -51255.843347
61.000000 -51159.572406
62.000000 -51062.000550
63.000000 -50963.142720
64.000000 -50863.013971
65.000000 -50761.629467
66.000000 -50659.004477
67.000000 -50555.154370
68.000000 -50450.094607
69.000000 -50343.840741
70.000000 -50236.408406
71.000000 -50127.813314
72.000000 -50018.071253
73.000000 -49907.198076
74.000000 -49795.209702
75.000000 -49682.122105
76.000000 -49567.951315
77.000000 -49452.713407
78.000000 -49336.424502
79.000000 -49219.100757
80.000000 -49100.758363
81.000000 -48981.413539
82.000000 -48861.082529
83.000000 -48739.781595
84.000000 -48617.527013
85.000000 -48494.335070
86.000000 -48370.222057
87.000000 -48245.204267
88.000000 -48119.297989
89.000000 -47992.519503
90.000000 -47864.885076
91.000000 -47736.410962
92.000000 -47607.113392
93.000000 -47477.008570
94.000000 -47346.112676
95.000000 -47214.441853
96.000000 -47082.012209
97.000000 -46948.839812
98.000000 -46814.940685
99.000000 -46680.330804
100.000000 -46545.026091
101.000000 -46409.042416
102.000000 -46272.395588
103.000000 -46135.101358
104.000000 -45997.175406
105.000000 -45858.633350
106.000000 -45719.490731
107.000000 -45579.763019
108.000000 -45439.465605
109.000000 -45298.613800
110.000000 -45157.222832
111.000000 -45015.307842
112.000000 -44872.883884
113.000000 -44729.965918
114.000000 -44586.568814
115.000000 -44442.707342
116.000000 -44298.396175
117.000000 -44153.649887
118.000000 -44008.482945
119.000000 -43862.909714
120.000000 -43716.944450
121.000000 -43570.601301
122.000000 -43423.894304
123.000000 -43276.837380
124.000000 -43129.444340
125.000000 -42981.728875
126.000000 -42833.704559
127.000000 -42685.384847
128.000000 -42536.783073
129.000000 -42387.912447
130.000000 -42238.786057
131.000000 -42089.416866
132.000000 -41939.817710
133.000000 -41790.001298
134.000000 -41639.980210
135.000000 -41489.766897
136.000000 -41339.373682
137.000000 -41188.812753
138.000000 -41038.096168
139.000000 -40887.235853
140.000000 -40736.243600
141.000000 -40585.131067
142.000000 -40433.909777
143.000000 -40282.591118
144.000000 -40131.186345
145.000000 -39979.706572
146.000000 -39828.162783
147.000000 -39676.565821
148.000000 -39524.926394
149.000000 -39373.255072
150.000000 -39221.562291
151.000000 -39069.858346
152.000000 -38918.153397
153.000000 -38766.457468
154.000000 -38614.780443
155.000000 -38463.132072
156.000000 -38311.521966
157.000000 -38159.959600
158.000000 -38008.454313
159.000000 -37857.015309
160.000000 -37705.651655
161.000000 -37554.372281
162.000000 -37403.185985
163.000000 -37252.101429
164.000000 -37101.127140
165.000000 -36950.271513
166.000000 -36799.542809
167.000000 -36648.949157
168.000000 -36498.498552
169.000000 -36348.198860
170.000000 -36198.057816
171.000000 -36048.083023
172.000000 -35898.281957
173.000000 -35748.661964
174.000000 -35599.230262
175.000000 -35449.993943
176.000000 -35300.959972
177.000000 -35152.135187
178.000000 -35003.526305
179.000000 -34855.139916
180.000000 -34706.982488
181.000000 -34559.060368
182.000000 -34411.379780
183.000000 -34263.946829
184.000000 -34116.767501
185.000000 -33969.847663
186.000000 -33823.193065
187.000000 -33676.809342
188.000000 -33530.702011
189.000000 -33384.876477
190.000000 -33239.338031
191.000000 -33094.091851
192.000000 -32949.143006
193.000000 -32804.496454
194.000000 -32660.157041
195.000000 -32516.129510
196.000000 -32372.418494
197.000000 -32229.028520
198.000000 -32085.964013
199.000000 -31943.229292
200.000000 -31800.828574
201.000000 -31658.765975
202.000000 -31517.045511
203.000000 -31375.671099
204.000000 -31234.646556
205.000000 -31093.975605
206.000000 -30953.661871
207.000000 -30813.708886
208.000000 -30674.120087
209.000000 -30534.898819
210.000000 -30396.048338
211.000000 -30257.571806
212.000000 -30119.472299
213.000000 -29981.752804
214.000000 -29844.416221
215.000000 -29707.465365
216.000000 -29570.902965
217.000000 -29434.731670
218.000000 -29298.954043
219.000000 -29163.572568
220.000000 -29028.589647
221.000000 -28894.007606
222.000000 -28759.828690
223.000000 -28626.055069
224.000000 -28492.688837
225.000000 -28359.732013
226.000000 -28227.186544
227.000000 -28095.054301
228.000000 -27963.337088
229.000000 -27832.036635
230.000000 -27701.154604
231.000000 -27570.692591
232.000000 -27440.652121
233.000000 -27311.034655
234.000000 -27181.841588
235.000000 -27053.074251
236.000000 -26924.733914
237.000000 -26796.821781
238.000000 -26669.338997
239.000000 -26542.286648
240.000000 -26415.665759
241.000000 -26289.477296
242.000000 -26163.722171
243.000000 -26038.401237
244.000000 -25913.515292
245.000000 -25789.065081
246.000000 -25665.051294
247.000000 -25541.474569
248.000000 -25418.335493
249.000000 -25295.634601
250.000000 -25173.372380
251.000000 -25051.549265
252.000000 -24930.165647
253.000000 -24809.221865
254.000000 -24688.718217
255.000000 -24568.654951
256.000000 -24449.032272
257.000000 -24329.850342
258.000000 -24211.109279
259.000000 -24092.809158
260.000000 -23974.950015
261.000000 -23857.531843
262.000000 -23740.554597
263.000000 -23624.018191
264.000000 -23507.922502
265.000000 -23392.267370
266.000000 -23277.052597
267.000000 -23162.277949
268.000000 -23047.943158
269.000000 -22934.047919
270.000000 -22820.591897
271.000000 -22707.574719
272.000000 -22594.995983
273.000000 -22482.855255
274.000000 -22371.152068
275.000000 -22259.885925
276.000000 -22149.056301
277.000000 -22038.662640
278.000000 -21928.704358
279.000000 -21819.180843
280.000000 -21710.091457
281.000000 -21601.435532
282.000000 -21493.212379
283.000000 -21385.421279
284.000000 -21278.061490
285.000000 -21171.132247
286.000000 -21064.632758
287.000000 -20958.562210
288.000000 -20852.919768
289.000000 -20747.704575
290.000000 -20642.915749
291.000000 -20538.552392
292.000000 -20434.613582
293.000000 -20331.098378
294.000000 -20228.005821
295.000000 -20125.334930
296.000000 -20023.084709
297.000000 -19921.254142
298.000000 -19819.842196
299.000000 -19718.847821
300.000000 -19618.269950
301.000000 -19518.107501
302.000000 -19418.359375
303.000000 -19319.024459
304.000000 -19220.101623
305.000000 -19121.589727
306.000000 -19023.487612
307.000000 -18925.794109
308.000000 -18828.508034
309.000000 -18731.628192
310.000000 -18635.153374
311.000000 -18539.082359
312.000000 -18443.413917
313.000000 -18348.146803
314.000000 -18253.279764
315.000000 -18158.811535
316.000000 -18064.740843
317.000000 -17971.066402
318.000000 -17877.786919
319.000000 -17784.901091
320.000000 -17692.407607
321.000000 -17600.305147
322.000000 -17508.592382
323.000000 -17417.267976
324.000000 -17326.330586
325.000000 -17235.778861
326.000000 -17145.611444
327.000000 -17055.826970
328.000000 -16966.424069
329.000000 -16877.401363
330.000000 -16788.757472
331.000000 -16700.491005
332.000000 -16612.600571
333.000000 -16525.084771
334.000000 -16437.942202
335.000000 -16351.171457
336.000000 -16264.771123
337.000000 -16178.739785
338.000000 -16093.076023
339.000000 -16007.778414
340.000000 -15922.845532
341.000000 -15838.275947
342.000000 -15754.068227
343.000000 -15670.220936
344.000000 -15586.732637
345.000000 -15503.601889
346.000000 -15420.827252
347.000000 -15338.407281
348.000000 -15256.340530
349.000000 -15174.625552
350.000000 -15093.260900
351.000000 -15012.245124
352.000000 -14931.576773
353.000000 -14851.254395
354.000000 -14771.276540
355.000000 -14691.641755
356.000000 -14612.348587
357.000000 -14533.395583
358.000000 -14454.781292
359.000000 -14376.504260
360.000000 -14298.563034
361.000000 -14220.956165
362.000000 -14143.682199
363.000000 -14066.739687
364.000000 -13990.127180
365.000000 -13913.843228
366.000000 -13837.886385
367.000000 -13762.255204
368.000000 -13686.948241
369.000000 -13611.964052
370.000000 -13537.301196
371.000000 -13462.958232
372.000000 -13388.933724
373.000000 -13315.226235
374.000000 -13241.834331
375.000000 -13168.756579
376.000000 -13095.991552
377.000000 -13023.537820
378.000000 -12951.393961
379.000000 -12879.558551
380.000000 -12808.030171
381.000000 -12736.807404
382.000000 -12665.888837
383.000000 -12595.273059
384.000000 -12524.958660
385.000000 -12454.944237
386.000000 -12385.228388
387.000000 -12315.809714
388.000000 -12246.686820
389.000000 -12177.858313
390.000000 -12109.322806
391.000000 -12041.078914
392.000000 -11973.125255
393.000000 -11905.460451
394.000000 -11838.083129
395.000000 -11770.991918
396.000000 -11704.185451
397.000000 -11637.662367
398.000000 -11571.421306
399.000000 -11505.460914
400.000000 -11439.779841
401.000000 -11374.376739
402.000000 -11309.250267
403.000000 -11244.399086
404.000000 -11179.821863
405.000000 -11115.517267
406.000000 -11051.483973
407.000000 -10987.720660
408.000000 -10924.226012
409.000000 -10860.998717
410.000000 -10798.037466
411.000000 -10735.340957
412.000000 -10672.907891
413.000000 -10610.736974
414.000000 -10548.826916
415.000000 -10487.176432
416.000000 -10425.784243
417.000000 -10364.649072
418.000000 -10303.769650
419.000000 -10243.144710
420.000000 -10182.772990
421.000000 -10122.653235
422.000000 -10062.784193
423.000000 -10003.164617
424.000000 -9943.793264
425.000000 -9884.668899
426.000000 -9825.790289
427.000000 -9767.156206
428.000000 -9708.765428
429.000000 -9650.616738
430.000000 -9592.708924
431.000000 -9535.040777
432.000000 -9477.611096
433.000000 -9420.418684
434.000000 -9363.462347
435.000000 -9306.740898
436.000000 -9250.253155
437.000000 -9193.997940
438.000000 -9137.974082
439.000000 -9082.180413
440.000000 -9026.615770
441.000000 -8971.278997
442.000000 -8916.168942
443.000000 -8861.284457
444.000000 -8806.624401
445.000000 -8752.187636
446.000000 -8697.973032
447.000000 -8643.979461
448.000000 -8590.205802
449.000000 -8536.650938
450.000000 -8483.313758
451.000000 -8430.193157
452.000000 -8377.288031
453.000000 -8324.597286
454.000000 -8272.119830
455.000000 -8219.854578
456.000000 -8167.800448
457.000000 -8115.956364
458.000000 -8064.321257
459.000000 -8012.894059
460.000000 -7961.673712
461.000000 -7910.659158
462.000000 -7859.849348
463.000000 -7809.243235
464.000000 -7758.839781
465.000000 -7708.637948
466.000000 -7658.636708
467.000000 -7608.835033
468.000000 -7559.231905
469.000000 -7509.826308
470.000000 -7460.617230
471.000000 -7411.603668
472.000000 -7362.784619
473.000000 -7314.159090
474.000000 -7265.726089
475.000000 -7217.484631
476.000000 -7169.433734
477.000000 -7121.572424
478.000000 -7073.899729
479.000000 -7026.414684
480.000000 -6979.116327
481.000000 -6932.003702
482.000000 -6885.075858
483.000000 -6838.331848
484.000000 -6791.770731
485.000000 -6745.391569
486.000000 -6699.193430
487.000000 -6653.175388
488.000000 -6607.336519
489.000000 -6561.675906
490.000000 -6516.192636
491.000000 -6470.885801
492.000000 -6425.754496
493.000000 -6380.797824
494.000000 -6336.014889
495.000000 -6291.404803
496.000000 -6246.966680
497.000000 -6202.699641
498.000000 -6158.602809
499.000000 -6114.675314
500.000000 -6070.916289
501.000000 -6027.324872
502.000000 -5983.900207
503.000000 -5940.641440
504.000000 -5897.547723
505.000000 -5854.618213
506.000000 -5811.852070
507.000000 -5769.248460
508.000000 -5726.806553
509.000000 -5684.525521
510.000000 -5642.404546
511.000000 -5600.442808
512.000000 -5558.639496
513.000000 -5516.993801
514.000000 -5475.504920
515.000000 -5434.172053
516.000000 -5392.994405
517.000000 -5351.971185
518.000000 -5311.101606
519.000000 -5270.384887
520.000000 -5229.820248
521.000000 -5189.406917
522.000000 -5149.144123
523.000000 -5109.031101
524.000000 -5069.067090
525.000000 -5029.251333
526.000000 -4989.583076
527.000000 -4950.061572
528.000000 -4910.686075
529.000000 -4871.455844
530.000000 -4832.370144
531.000000 -4793.428241
532.000000 -4754.629408
533.000000 -4715.972919
534.000000 -4677.458054
535.000000 -4639.084097
536.000000 -4600.850336
537.000000 -4562.756061
538.000000 -4524.800568
539.000000 -4486.983157
540.000000 -4449.303130
541.000000 -4411.759795
542.000000 -4374.352463
543.000000 -4337.080447
544.000000 -4299.943068
545.000000 -4262.939646
546.000000 -4226.069509
547.000000 -4189.331986
548.000000 -4152.726410
549.000000 -4116.252120
550.000000 -4079.908456
551.000000 -4043.694763
552.000000 -4007.610389
553.000000 -3971.654686
554.000000 -3935.827011
555.000000 -3900.126722
556.000000 -3864.553183
557.000000 -3829.105759
558.000000 -3793.783822
559.000000 -3758.586744
560.000000 -3723.513903
561.000000 -3688.564679
562.000000 -3653.738457
563.000000 -3619.034625
564.000000 -3584.452572
565.000000 -3549.991695
566.000000 -3515.651391
567.000000 -3481.431060
568.000000 -3447.330109
569.000000 -3413.347944
570.000000 -3379.483979
571.000000 -3345.737626
572.000000 -3312.108306
573.000000 -3278.595438
574.000000 -3245.198447
575.000000 -3211.916763
576.000000 -3178.749815
577.000000 -3145.697038
578.000000 -3112.757871
579.000000 -3079.931753
580.000000 -3047.218130
581.000000 -3014.616447
582.000000 -2982.126156
583.000000 -2949.746710
584.000000 -2917.477566
585.000000 -2885.318183
586.000000 -2853.268024
587.000000 -2821.326555
588.000000 -2789.493245
589.000000 -2757.767566
590.000000 -2726.148993
591.000000 -2694.637004
592.000000 -2663.231079
593.000000 -2631.930703
594.000000 -2600.735363
595.000000 -2569.644548
596.000000 -2538.657750
597.000000 -2507.774467
598.000000 -2476.994196
599.000000 -2446.316438
600.000000 -2415.740698
601.000000 -2385.266483
602.000000 -2354.893303
603.000000 -2324.620671
604.000000 -2294.448101
605.000000 -2264.375113
606.000000 -2234.401227
607.000000 -2204.525967
608.000000 -2174.748860
609.000000 -2145.069434
610.000000 -2115.487223
611.000000 -2086.001760
612.000000 -2056.612584
613.000000 -2027.319233
614.000000 -1998.121250
615.000000 -1969.018181
616.000000 -1940.009574
617.000000 -1911.094979
618.000000 -1882.273949
619.000000 -1853.546039
620.000000 -1824.910809
621.000000 -1796.367818
622.000000 -1767.916630
623.000000 -1739.556811
624.000000 -1711.287928
625.000000 -1683.109553
626.000000 -1655.021259
627.000000 -1627.022622
628.000000 -1599.113219
629.000000 -1571.292632
630.000000 -1543.560442
631.000000 -1515.916236
632.000000 -1488.359602
633.000000 -1460.890129
634.000000 -1433.507410
635.000000 -1406.211039
636.000000 -1379.000615
637.000000 -1351.875736
638.000000 -1324.836005
639.000000 -1297.881025
640.000000 -1271.010403
641.000000 -1244.223747
642.000000 -1217.520669
643.000000 -1190.900781
644.000000 -1164.363699
645.000000 -1137.909041
646.000000 -1111.536427
647.000000 -1085.245477
648.000000 -1059.035818
649.000000 -1032.907074
650.000000 -1006.858876
651.000000 -980.890852
652.000000 -955.002637
653.000000 -929.193864
654.000000 -903.464171
655.000000 -877.813198
656.000000 -852.240585
657.000000 -826.745976
658.000000 -801.329016
659.000000 -775.989352
660.000000 -750.726634
661.000000 -725.540513
662.000000 -700.430643
663.000000 -675.396679
664.000000 -650.438279
665.000000 -625.555103
666.000000 -600.746810
667.000000 -576.013066
668.000000 -551.353535
669.000000 -526.767884
670.000000 -502.255783
671.000000 -477.816903
672.000000 -453.450917
673.000000 -429.157499
674.000000 -404.936326
675.000000 -380.787078
676.000000 -356.709434
677.000000 -332.703077
678.000000 -308.767690
679.000000 -284.902961
680.000000 -261.108576
681.000000 -237.384226
682.000000 -213.729601
683.000000 -190.144396
684.000000 -166.628304
685.000000 -143.181023
686.000000 -119.802251
687.000000 -96.491688
688.000000 -73.249036
689.000000 -50.074000
690.000000 -26.966283
691.000000 -3.925595
692.000000 19.048358
