-0.005000 1.000000
0.005000 1.000000
0.005000 0.999975
0.015000 0.999950
0.025000 0.999888
0.035000 0.999790
0.045000 0.999659
0.055000 0.999494
0.065000 0.999296
0.075000 0.999064
0.085000 0.998799
0.095000 0.998501
0.105000 0.998169
0.115000 0.997804
0.125000 0.997407
0.135000 0.996976
0.145000 0.996513
0.155000 0.996017
0.165000 0.995488
0.175000 0.994927
0.185000 0.994333
0.195000 0.993707
0.205000 0.993049
0.215000 0.992358
0.225000 0.991636
0.235000 0.990881
0.245000 0.990095
0.255000 0.989278
0.265000 0.988429
0.275000 0.987548
0.285000 0.986637
0.295000 0.985694
0.305000 0.984721
0.315000 0.983717
0.325000 0.982683
0.335000 0.981618
0.345000 0.980523
0.355000 0.979398
0.365000 0.978244
0.375000 0.977060
0.385000 0.975846
0.395000 0.974604
0.405000 0.973332
0.415000 0.972032
0.425000 0.970703
0.435000 0.969347
0.445000 0.967962
0.455000 0.966549
0.465000 0.965108
0.475000 0.963641
0.485000 0.962146
0.495000 0.960624
0.505000 0.959076
0.515000 0.957501
0.525000 0.955900
0.535000 0.954274
0.545000 0.952621
0.555000 0.950944
0.565000 0.949241
0.575000 0.947513
0.585000 0.945761
0.595000 0.943985
0.605000 0.942185
0.615000 0.940360
0.625000 0.938513
0.635000 0.936642
0.645000 0.934749
0.655000 0.932832
0.665000 0.930894
0.675000 0.928933
0.685000 0.926951
0.695000 0.924947
0.705000 0.922922
0.715000 0.920876
0.725000 0.918810
0.735000 0.916723
0.745000 0.914617
0.755000 0.912490
0.765000 0.910345
0.775000 0.908180
0.785000 0.905996
0.795000 0.903794
0.805000 0.901574
0.815000 0.899335
0.825000 0.897080
0.835000 0.894807
0.845000 0.892516
0.855000 0.890210
0.865000 0.887886
0.875000 0.885547
0.885000 0.883192
0.895000 0.880822
0.905000 0.878436
0.915000 0.876035
0.925000 0.873620
0.935000 0.871190
0.945000 0.868747
0.955000 0.866289
0.965000 0.863819
0.975000 0.861335
0.985000 0.858838
0.995000 0.856329
1.005000 0.853808
1.015000 0.851275
1.025000 0.848730
1.035000 0.846173
1.045000 0.843606
1.055000 0.841028
1.065000 0.838439
1.075000 0.835840
1.085000 0.833231
1.095000 0.830612
1.105000 0.827984
1.115000 0.825347
1.125000 0.822701
1.135000 0.820047
1.145000 0.817384
1.155000 0.814713
1.165000 0.812035
1.175000 0.809349
1.185000 0.806655
1.195000 0.803955
1.205000 0.801248
1.215000 0.798534
1.225000 0.795815
1.235000 0.793089
1.245000 0.790358
1.255000 0.787621
1.265000 0.784879
1.275000 0.782132
1.285000 0.779381
1.295000 0.776624
1.305000 0.773864
1.315000 0.771100
1.325000 0.768332
1.335000 0.765560
1.345000 0.762785
1.355000 0.760007
1.365000 0.757226
1.375000 0.754442
1.385000 0.751656
1.395000 0.748868
1.405000 0.746077
1.415000 0.743285
1.425000 0.740492
1.435000 0.737697
1.445000 0.734900
1.455000 0.732103
1.465000 0.729305
1.475000 0.726506
1.485000 0.723707
1.495000 0.720908
1.505000 0.718109
1.515000 0.715310
1.525000 0.712511
1.535000 0.709713
1.545000 0.706916
1.555000 0.704119
1.565000 0.701323
1.575000 0.698529
1.585000 0.695736
1.595000 0.692945
1.605000 0.690155
1.615000 0.687367
1.625000 0.684582
1.635000 0.681798
1.645000 0.679017
1.655000 0.676238
1.665000 0.673462
1.675000 0.670689
1.685000 0.667918
1.695000 0.665151
1.705000 0.662387
1.715000 0.659626
1.725000 0.656869
1.735000 0.654115
1.745000 0.651365
1.755000 0.648619
1.765000 0.645877
1.775000 0.643139
1.785000 0.640405
1.795000 0.637676
1.805000 0.634951
1.815000 0.632231
1.825000 0.629515
1.835000 0.626804
1.845000 0.624098
1.855000 0.621397
1.865000 0.618701
1.875000 0.616010
1.885000 0.613325
1.895000 0.610645
1.905000 0.607970
1.915000 0.605301
1.925000 0.602638
1.935000 0.599980
1.945000 0.597329
1.955000 0.594683
1.965000 0.592043
1.975000 0.589409
1.985000 0.586782
1.995000 0.584160
2.005000 0.581545
2.015000 0.578937
2.025000 0.576335
2.035000 0.573739
2.045000 0.571150
2.055000 0.568568
2.065000 0.565992
2.075000 0.563423
2.085000 0.560861
2.095000 0.558306
2.105000 0.555758
2.115000 0.553217
2.125000 0.550682
2.135000 0.548155
2.145000 0.545636
2.155000 0.543123
2.165000 0.540618
2.175000 0.538120
2.185000 0.535629
2.195000 0.533146
2.205000 0.530670
2.215000 0.528202
2.225000 0.525741
2.235000 0.523287
2.245000 0.520842
2.255000 0.518404
2.265000 0.515973
2.275000 0.513550
2.285000 0.511135
2.295000 0.508728
2.305000 0.506329
2.315000 0.503937
2.325000 0.501553
2.335000 0.499177
2.345000 0.496809
2.355000 0.494449
2.365000 0.492097
2.375000 0.489752
2.385000 0.487416
2.395000 0.485088
2.405000 0.482767
2.415000 0.480455
2.425000 0.478150
2.435000 0.475854
2.445000 0.473566
2.455000 0.471286
2.465000 0.469013
2.475000 0.466749
2.485000 0.464493
2.495000 0.462246
2.505000 0.460006
2.515000 0.457774
2.525000 0.455551
2.535000 0.453335
2.545000 0.451128
2.555000 0.448929
2.565000 0.446738
2.575000 0.444555
2.585000 0.442380
2.595000 0.440214
2.605000 0.438055
2.615000 0.435905
2.625000 0.433763
2.635000 0.431629
2.645000 0.429503
2.655000 0.427385
2.665000 0.425275
2.675000 0.423174
2.685000 0.421080
2.695000 0.418995
2.705000 0.416918
2.715000 0.414849
2.725000 0.412787
2.735000 0.410734
2.745000 0.408689
2.755000 0.406652
2.765000 0.404624
2.775000 0.402603
2.785000 0.400590
2.795000 0.398585
2.805000 0.396588
2.815000 0.394599
2.825000 0.392618
2.835000 0.390645
2.845000 0.388680
2.855000 0.386723
2.865000 0.384773
2.875000 0.382832
2.885000 0.380898
2.895000 0.378973
2.905000 0.377055
2.915000 0.375145
2.925000 0.373243
2.935000 0.371348
2.945000 0.369461
2.955000 0.367583
2.965000 0.365711
2.975000 0.363848
2.985000 0.361992
2.995000 0.360144
3.005000 0.358303
3.015000 0.356470
3.025000 0.354645
3.035000 0.352827
3.045000 0.351017
3.055000 0.349215
3.065000 0.347419
3.075000 0.345632
3.085000 0.343852
3.095000 0.342079
3.105000 0.340314
3.115000 0.338556
3.125000 0.336805
3.135000 0.335062
3.145000 0.333327
3.155000 0.331598
3.165000 0.329877
3.175000 0.328163
3.185000 0.326456
3.195000 0.324757
3.205000 0.323065
3.215000 0.321380
3.225000 0.319702
3.235000 0.318031
3.245000 0.316367
3.255000 0.314710
3.265000 0.313061
3.275000 0.311418
3.285000 0.309782
3.295000 0.308154
3.305000 0.306532
3.315000 0.304917
3.325000 0.303309
3.335000 0.301708
3.345000 0.300114
3.355000 0.298526
3.365000 0.296946
3.375000 0.295372
3.385000 0.293805
3.395000 0.292244
3.405000 0.290691
3.415000 0.289143
3.425000 0.287603
3.435000 0.286069
3.445000 0.284542
3.455000 0.283021
3.465000 0.281507
3.475000 0.279999
3.485000 0.278497
3.495000 0.277003
3.505000 0.275514
3.515000 0.274032
3.525000 0.272556
3.535000 0.271087
3.545000 0.269624
3.555000 0.268167
3.565000 0.266716
3.575000 0.265272
3.585000 0.263834
3.595000 0.262402
3.605000 0.260976
3.615000 0.259556
3.625000 0.258143
3.635000 0.256735
3.645000 0.255334
3.655000 0.253938
3.665000 0.252548
3.675000 0.251165
3.685000 0.249787
3.695000 0.248415
3.705000 0.247050
3.715000 0.245690
3.725000 0.244335
3.735000 0.242987
3.745000 0.241644
3.755000 0.240307
3.765000 0.238976
3.775000 0.237651
3.785000 0.236331
3.795000 0.235017
3.805000 0.233708
3.815000 0.232405
3.825000 0.231108
3.835000 0.229816
3.845000 0.228529
3.855000 0.227249
3.865000 0.225973
3.875000 0.224703
3.885000 0.223439
3.895000 0.222179
3.905000 0.220925
3.915000 0.219677
3.925000 0.218434
3.935000 0.217196
3.945000 0.215963
3.955000 0.214736
3.965000 0.213513
3.975000 0.212296
3.985000 0.211084
3.995000 0.209877
4.005000 0.208676
4.015000 0.207479
4.025000 0.206288
4.035000 0.205101
4.045000 0.203919
4.055000 0.202743
4.065000 0.201571
4.075000 0.200405
4.085000 0.199243
4.095000 0.198086
4.105000 0.196934
4.115000 0.195787
4.125000 0.194645
4.135000 0.193507
4.145000 0.192374
4.155000 0.191246
4.165000 0.190123
4.175000 0.189004
4.185000 0.187890
4.195000 0.186781
4.205000 0.185676
4.215000 0.184576
4.225000 0.183481
4.235000 0.182390
4.245000 0.181303
4.255000 0.180221
4.265000 0.179144
4.275000 0.178071
4.285000 0.177003
4.295000 0.175938
4.305000 0.174879
4.315000 0.173823
4.325000 0.172773
4.335000 0.171726
4.345000 0.170684
4.355000 0.169646
4.365000 0.168612
4.375000 0.167582
4.385000 0.166557
4.395000 0.165536
4.405000 0.164519
4.415000 0.163506
4.425000 0.162498
4.435000 0.161493
4.445000 0.160493
4.455000 0.159497
4.465000 0.158505
4.475000 0.157516
4.485000 0.156532
4.495000 0.155552
4.505000 0.154576
4.515000 0.153604
4.525000 0.152635
4.535000 0.151671
4.545000 0.150710
4.555000 0.149754
4.565000 0.148801
4.575000 0.147852
4.585000 0.146907
4.595000 0.145966
4.605000 0.145028
4.615000 0.144094
4.625000 0.143164
4.635000 0.142238
4.645000 0.141315
4.655000 0.140397
4.665000 0.139481
4.675000 0.138570
4.685000 0.137662
4.695000 0.136757
4.705000 0.135856
4.715000 0.134959
4.725000 0.134066
4.735000 0.133175
4.745000 0.132289
4.755000 0.131406
4.765000 0.130526
4.775000 0.129650
4.785000 0.128777
4.795000 0.127908
4.805000 0.127042
4.815000 0.126179
4.825000 0.125320
4.835000 0.124464
4.845000 0.123612
4.855000 0.122763
4.865000 0.121917
4.875000 0.121075
4.885000 0.120235
4.895000 0.119399
4.905000 0.118567
4.915000 0.117737
4.925000 0.116911
4.935000 0.116088
4.945000 0.115268
4.955000 0.114451
4.965000 0.113637
4.975000 0.112827
4.985000 0.112019
4.995000 0.111215
5.005000 0.110414
5.015000 0.109615
5.025000 0.108820
5.035000 0.108028
5.045000 0.107239
5.055000 0.106453
5.065000 0.105670
5.075000 0.104890
5.085000 0.104112
5.095000 0.103338
5.105000 0.102567
5.115000 0.101798
5.125000 0.101033
5.135000 0.100270
5.145000 0.099510
5.155000 0.098753
5.165000 0.097999
5.175000 0.097248
5.185000 0.096499
5.195000 0.095754
5.205000 0.095011
5.215000 0.094271
5.225000 0.093533
5.235000 0.092799
5.245000 0.092067
5.255000 0.091337
5.265000 0.090611
5.275000 0.089887
5.285000 0.089166
5.295000 0.088447
5.305000 0.087731
5.315000 0.087018
5.325000 0.086307
5.335000 0.085599
5.345000 0.084894
5.355000 0.084191
5.365000 0.083491
5.375000 0.082793
5.385000 0.082098
5.395000 0.081405
5.405000 0.080715
5.415000 0.080027
5.425000 0.079342
5.435000 0.078659
5.445000 0.077978
5.455000 0.077301
5.465000 0.076625
5.475000 0.075952
5.485000 0.075282
5.495000 0.074613
5.505000 0.073948
5.515000 0.073284
5.525000 0.072623
5.535000 0.071964
5.545000 0.071308
5.555000 0.070654
5.565000 0.070002
5.575000 0.069353
5.585000 0.068705
5.595000 0.068061
5.605000 0.067418
5.615000 0.066778
5.625000 0.066140
5.635000 0.065504
5.645000 0.064870
5.655000 0.064239
5.665000 0.063609
5.675000 0.062982
5.685000 0.062357
5.695000 0.061735
5.705000 0.061114
5.715000 0.060496
5.725000 0.059880
5.735000 0.059266
5.745000 0.058654
5.755000 0.058044
5.765000 0.057436
5.775000 0.056830
5.785000 0.056227
5.795000 0.055625
5.805000 0.055026
5.815000 0.054428
5.825000 0.053833
5.835000 0.053239
5.845000 0.052648
5.855000 0.052058
5.865000 0.051471
5.875000 0.050886
5.885000 0.050302
5.895000 0.049721
5.905000 0.049141
5.915000 0.048564
5.925000 0.047988
5.935000 0.047415
5.945000 0.046843
5.955000 0.046273
5.965000 0.045705
5.975000 0.045139
5.985000 0.044575
5.995000 0.044012
6.005000 0.043452
6.015000 0.042893
6.025000 0.042337
6.035000 0.041782
6.045000 0.041229
6.055000 0.040677
6.065000 0.040128
6.075000 0.039580
6.085000 0.039034
6.095000 0.038490
6.105000 0.037948
6.115000 0.037408
6.125000 0.036869
6.135000 0.036332
6.145000 0.035797
6.155000 0.035263
6.165000 0.034731
6.175000 0.034201
6.185000 0.033673
6.195000 0.033146
6.205000 0.032621
6.215000 0.032098
6.225000 0.031576
6.235000 0.031056
6.245000 0.030538
6.255000 0.030021
6.265000 0.029506
6.275000 0.028993
6.285000 0.028481
6.295000 0.027971
6.305000 0.027463
6.315000 0.026956
6.325000 0.026451
6.335000 0.025947
6.345000 0.025445
6.355000 0.024945
6.365000 0.024446
6.375000 0.023948
6.385000 0.023452
6.395000 0.022958
6.405000 0.022465
6.415000 0.021974
6.425000 0.021485
6.435000 0.020996
6.445000 0.020510
6.455000 0.020025
6.465000 0.019541
6.475000 0.019059
6.485000 0.018578
6.495000 0.018099
6.505000 0.017621
6.515000 0.017145
6.525000 0.016671
6.535000 0.016197
6.545000 0.015725
6.555000 0.015255
6.565000 0.014786
6.575000 0.014318
6.585000 0.013852
6.595000 0.013388
6.605000 0.012924
6.615000 0.012462
6.625000 0.012002
6.635000 0.011543
6.645000 0.011085
6.655000 0.010628
6.665000 0.010173
6.675000 0.009720
6.685000 0.009268
6.695000 0.008817
6.705000 0.008367
6.715000 0.007919
6.725000 0.007472
6.735000 0.007026
6.745000 0.006582
6.755000 0.006139
6.765000 0.005697
6.775000 0.005257
6.785000 0.004818
6.795000 0.004380
6.805000 0.003944
6.815000 0.003509
6.825000 0.003075
6.835000 0.002642
6.845000 0.002211
6.855000 0.001780
6.865000 0.001352
6.875000 0.000924
6.885000 0.000498
6.895000 0.000072
6.905000 -0.000351
